tensor
3 
3 3 5 
1.4013191275610974e-03
-7.7273138853725231e-03
5.3365933664273044e-02
1.0356108648561921e-01
3.6693027168176996e-02
-6.9099842663569999e-02
-6.7122626704983326e-02
-3.9937474712021519e-02
-2.8945342656222717e-02
-3.3842285342731315e-02
6.2667233080615517e-02
1.8209021425308621e-02
-9.8569657569503363e-04
-6.0775848010789342e-02
-1.3737489160943136e-02
6.6149659700182578e-02
-4.0469347162262720e-02
-2.4690727267704031e-03
-4.0776226500936326e-02
-1.2841473352927018e-02
-6.0629924073513704e-02
-1.3409788691304070e-01
-8.6463084287001588e-03
6.4628748734479630e-02
2.5545504139598157e-01
2.9646664223845078e-02
2.2804140168207126e-02
9.3671895653309314e-02
1.9012438778553967e-02
-2.3644003374118018e-02
1.0335420223517350e-01
-1.2278485741064571e-02
-4.1539795797536520e-02
-2.0916439565659498e-01
-3.2863666935742206e-02
7.5335055894249645e-02
-6.0514273706543387e-02
-1.7490914508607991e-03
8.6366841862881044e-02
1.6584121335569066e-01
3.0683465140398679e-02
-7.0065000342394088e-02
1.0296768502620632e-02
-3.8032800648079464e-02
-9.6869292002553051e-02
