tensor
4 
3 5 7 11 
4.0579193707561922e-01
-3.7301318370649394e-01
4.1337585613901939e-01
1.3235924622540951e-01
-4.0245959500059048e-01
-2.2150178113295160e-01
4.6881519204983846e-02
4.5750683543429760e-01
4.6488853519927653e-01
-3.4238691832245172e-01
4.7059278176061570e-01
4.5716694824294557e-01
-1.4624351277158776e-02
3.0028046888880011e-01
-3.5811366137278466e-01
-7.8238717373725009e-02
4.1573552518906709e-01
2.9220732955955442e-01
4.5949242639290300e-01
1.5574069915658684e-01
-4.6428832142581045e-01
3.4912930586877711e-01
4.3399324775755055e-01
1.7873515485777347e-01
2.5774013057833345e-01
2.4313246812491618e-01
-1.0777298046583184e-01
1.5547789017755664e-01
-3.2881331218843823e-01
2.0604608801960878e-01
-4.6816715362257932e-01
-2.2307701503911004e-01
-4.5382860936884606e-01
-4.0286821876415246e-01
3.2345782832729264e-01
1.9482862297581705e-01
-1.8290051993913947e-01
4.5022204883835493e-01
-4.6555391949709124e-01
-6.1255640343601758e-02
-1.1844154290699160e-01
2.6551678814900237e-01
2.9519990113706318e-01
-3.1312739544562140e-01
-1.0235604211768945e-02
-5.4413799289100506e-02
1.4631301011126463e-01
2.0936483085807256e-01
2.5468668198236089e-01
-2.2397492300142163e-01
1.7970267685367480e-01
1.5509800397384066e-01
-3.3738826480536943e-01
-3.8100231844162336e-01
-1.6359480178570474e-03
4.5974395851608107e-01
-1.5961427333386680e-01
8.5267750979777346e-02
-2.7618806050886302e-01
2.5126705930565285e-01
-2.4490488454073089e-01
5.9570516651423766e-03
1.9907672265668597e-01
3.9090325253579850e-01
4.5929142520544430e-01
4.7215529963803071e-02
-3.6137555717132086e-01
-3.5070599444094253e-01
-2.4249174587626354e-01
3.4071725598366254e-01
-2.4571782102846895e-01
3.1428482606881636e-01
-2.5647503127501070e-01
4.2926362318722777e-01
-1.5001623401519126e-01
-3.0340474956879182e-01
-2.4891614202396894e-01
1.1604467614663916e-01
-2.6711151097270736e-02
-1.4834049293700324e-01
3.3082862789629086e-01
8.5264091152724264e-02
4.9723608291139532e-02
4.1719366382981005e-01
-2.1416098117962645e-01
2.5720022911072127e-01
2.5372909427849533e-01
-1.1955415302464334e-01
6.7821640725221122e-02
-4.2414571043693639e-01
-4.4604988133339285e-01
3.0797553008972689e-02
2.7916723010201117e-01
4.3401068422918299e-01
-3.7009379152626987e-01
6.8823660872192716e-02
-3.0609358941794174e-02
-4.8809793049875860e-01
-1.6287735560111849e-01
-3.3781769180675725e-01
2.9428454068390697e-01
-1.8878495795519512e-01
2.8533135506212726e-02
-3.3435127050021907e-01
1.0198194140163652e-01
-2.3702871545985571e-01
1.5407909847678225e-01
1.8921450314000776e-01
2.4815159282370947e-01
-4.9458401497502247e-02
-4.1617862200306743e-01
-2.7102303128318117e-01
4.1333736150166955e-01
-3.4762198103077702e-01
3.2581697748954741e-01
3.8342435260057095e-02
4.9613471662688546e-01
-4.2182447124681632e-01
-5.7321730224553669e-02
-3.9334722981941561e-01
4.6189808085505368e-01
-4.9536577586593256e-01
2.7491046471150238e-01
3.1730322065343297e-01
3.6869470536350968e-01
-4.1556415448908968e-01
-1.0021735090110351e-01
-2.4012959714934579e-01
3.0006848022430754e-01
-6.8586172536455381e-02
4.1064759442952292e-01
-3.1815297169714751e-01
-2.3619708347800994e-01
-3.5446101961528298e-01
-3.6393144129133626e-01
3.6929220764008930e-01
7.9704587365570179e-02
4.9860201836331997e-02
-3.5504520177627319e-01
3.5303111772189366e-01
1.2205513148506597e-01
-1.4904761910772912e-01
1.3249539867053350e-02
-9.8191966248058260e-02
-4.2403330830915809e-01
-2.6008384644634197e-01
-3.7668106516483446e-01
-3.1609221171758328e-01
-2.6004747433509723e-01
-8.2732930915630498e-02
-4.5034556967425787e-01
4.0271610991528106e-01
4.4478718972164599e-01
-9.1359075319200622e-03
-1.0747361599981131e-02
-1.6228059017862284e-01
4.0005384641766195e-01
-1.3075321887978497e-01
-3.8879724470621257e-01
2.8025206832113791e-01
-1.1026116303874656e-01
-2.5830871408616729e-01
-9.6087854411885276e-02
-4.0354547483161141e-01
-3.6802670739366494e-01
4.4205059077548514e-01
4.5613454022980227e-01
7.5208595078465557e-02
-4.4022045705284418e-01
-2.6522008662759367e-01
-1.4684142877792894e-01
3.2119404019795905e-01
-4.8459656234844495e-01
-4.5697619834219216e-01
-3.3100997053729564e-01
1.4911547495645205e-01
2.3172238565867032e-01
1.4774596313630672e-01
-4.9076293569055074e-02
4.7008892286344972e-02
-2.0367919439222681e-01
2.4469280707415619e-01
-3.1104498496745547e-01
1.8677543336531499e-01
-3.1648884426273027e-01
-1.3151540350966351e-01
1.2561856072969035e-01
2.8022743515137682e-01
-4.1887423113421474e-01
4.2938597096872999e-01
2.7571267860840232e-01
-1.3208367596827641e-02
-6.4141411419080918e-02
-5.3216250570193746e-02
-1.9365052798344262e-01
8.5086553811269949e-03
1.0771564172109671e-02
3.1762770832226206e-01
2.9483141688345305e-01
1.4431813019369166e-01
-1.2139061733973155e-01
3.1158045828247716e-01
3.2825588799454852e-02
-1.4927289642311670e-01
4.3900156199988682e-01
3.7594281149298381e-01
5.0156342898422190e-02
1.2247508600122747e-01
8.7044704531416772e-02
-2.9225770726697153e-01
-1.9875366972050934e-01
-2.9076651482409344e-02
-2.6951183978844151e-01
3.4430879269538905e-01
-3.0523571043295072e-01
-2.7407821902760121e-01
-3.2929195285214141e-01
-2.7233570218344649e-01
-6.4301315896100886e-02
-1.8889771334958716e-01
4.2337964210324386e-01
-6.9792608670416034e-02
-3.1518367987586393e-01
4.0488096867989287e-01
4.7974837835608519e-01
-6.1130026873896792e-02
-3.8888077655940123e-01
-2.4193530408793307e-01
-9.1280153887447923e-02
9.4896074008614328e-02
-2.3778825221915456e-01
1.0284308938208298e-01
2.1121578043368294e-01
-2.7825326598275990e-01
-3.8258234914419409e-01
-2.0332412678167311e-01
-1.8122169807411770e-01
-7.5833240286192760e-02
7.8582846611181534e-03
-4.1448420290995602e-01
-2.3751776530166735e-01
3.0101462276973878e-01
-4.7077972243785371e-01
4.2885413947804463e-01
2.3033086285545290e-01
-1.1391026196420850e-02
7.8525061023438925e-02
-2.6271642022847852e-01
-4.1151171820068888e-02
4.6308853928691296e-01
4.6805718738967994e-02
2.1135830804001499e-02
-2.6840561329147616e-01
-1.1102256079833062e-02
1.2406008817368952e-01
1.7913554086574768e-01
-1.0448478433140695e-01
-1.3256335145552345e-01
4.8798200316163276e-01
-4.6226113376044786e-01
3.8516800820247532e-01
4.1328682763923896e-01
2.9618387358521203e-01
-4.0128772134442570e-01
-2.3812881612928394e-01
-1.6464316003720347e-01
1.7972795137733799e-01
-3.6344686264463033e-01
2.2122749858174018e-01
-3.9323813839275856e-01
1.5375734866855961e-01
-5.8260633607298828e-03
2.7905172323127514e-01
2.1503707840069408e-01
4.0372056055631633e-01
3.9092250433078923e-01
-1.6583694726250375e-01
1.9874583233479448e-01
-3.0219017331407083e-01
-4.6945905369536334e-01
2.4407426036746238e-01
2.2435590200875488e-05
-2.0077858853939534e-02
4.0472223806736274e-01
1.0986664842255844e-01
1.1766638958845466e-01
3.5944230564621227e-01
3.0548942452968564e-01
7.6721515614685099e-02
-3.1707753058508603e-01
-2.6006798943128262e-01
3.8651193307610132e-01
-4.7132584753589390e-01
-1.0098611487776132e-02
-3.3207285431774325e-01
4.7868064964115875e-01
2.1269447167891409e-01
4.7162415484303111e-04
-2.8911625458060697e-02
-4.4038113242036081e-01
1.8197190414906317e-01
-4.5756886249925832e-01
-4.2855453539935762e-01
2.1649842464283697e-02
-4.0326997421913302e-01
3.1814855385962471e-01
3.1754709207928633e-01
2.2243959236684230e-01
-3.5013455752203315e-01
1.5960525290830718e-01
1.8594942510538170e-02
4.7297455476386252e-01
1.4899149271235612e-01
3.0033057535240149e-01
-4.6202291273080509e-02
-6.7608496216538305e-02
3.2531379540204564e-01
-4.1653018514108597e-01
-3.6682899239283828e-01
-3.2661138688099445e-01
-1.0906219767626446e-01
3.3137974283906957e-01
3.0336439160244022e-01
-4.3952882083010636e-01
-1.0074222938642430e-01
2.6875830508295895e-02
-8.3200532069213073e-02
1.5685989097370723e-01
1.2797335919010422e-01
-2.0801592003828506e-01
-6.8348829751279760e-02
-4.8451287436398105e-01
4.8406372437915379e-01
-3.3283159008534402e-01
-3.9378365507133617e-01
-1.2759025994446305e-01
-3.0188159745702536e-01
-1.0312361983976115e-02
-1.6050658660924233e-01
4.5163046477772695e-01
4.2033203983656375e-01
-4.4732300231920741e-01
2.3785809551699655e-01
-2.3088057360144409e-01
-7.7164384991192159e-02
4.7870901214844719e-02
4.4273698427693431e-01
-8.2255895683337799e-02
4.8305246646985611e-01
-1.9854505128793454e-01
2.0109875590092630e-01
1.6633885158442563e-01
3.9126465042856662e-02
1.9810552018030836e-01
1.6652791340258688e-01
-3.2186754559966224e-01
-3.7198560027982741e-01
4.9908039476136068e-01
-3.2887893364356791e-01
-4.6739917946947196e-01
6.1199792709660139e-02
3.8186650045180992e-01
1.6917530453439378e-01
-3.0956673282004588e-01
-1.3108345393610510e-01
-3.9274062739588445e-02
4.8163795097074968e-01
-3.4359504777343652e-01
3.5552280584591134e-01
1.4476453687008795e-01
-1.2372778972116838e-01
-3.0907630476369696e-01
-7.1747007020613984e-02
-1.7977938968143703e-02
-3.7938838670283770e-01
8.9507484695058981e-02
-2.7381232024732427e-01
-1.1538087563058919e-01
8.2986382747673892e-02
-2.4819387752768718e-01
-2.0955933572302066e-01
1.1709088439322335e-01
-2.3471909018997061e-01
3.2437626668883501e-01
4.8266339972195027e-01
2.3024879226759765e-01
-1.5612299588501688e-01
8.4069333278452008e-02
-3.9223098475625695e-01
4.0630815064973291e-01
3.7965372448190482e-01
3.1776055937064185e-01
-2.3927200094453538e-01
9.4356250664330843e-02
-4.7748740725976824e-01
-7.4740679785865072e-02
-1.8728111317938445e-01
-3.3851525568825003e-01
-3.2123381324763178e-01
-7.7114310899915495e-02
-4.0577066111226534e-01
9.8523668756741123e-02
-2.9075743641665985e-02
1.9594931330160792e-01
1.9988784992829156e-01
1.3853075827183792e-01
-4.6639616393357053e-01
-4.3119390088194876e-01
-1.8040026481950389e-01
3.0864280694126500e-02
1.5444570775706634e-01
-9.2380802958847430e-02
3.1998122278194063e-01
2.1835894320588367e-01
4.6864933023109367e-01
3.1333906565674474e-02
-1.7485431817943997e-01
-3.9437079667097807e-01
1.1095865874620059e-01
2.7880224182409252e-01
-7.6547081037261711e-02
-4.0917671421256052e-01
-2.3352850922092760e-01
-3.4634328240869339e-01
-2.1899469746612910e-01
-5.9914860998279140e-02
2.7142741760652234e-02
-4.2575634312326027e-02
3.7537159860418490e-01
1.8052108361104158e-02
4.4362262454838786e-01
1.3770909807217402e-01
4.5769393984158324e-01
-2.5929296451983974e-01
1.7612230386375183e-01
-2.1093542832552326e-01
1.7180816541421517e-01
1.9514049955173718e-01
-4.3200723152998943e-01
-2.4520984340299468e-01
-2.7595996917578125e-01
1.6783272701371654e-01
3.4439215652720456e-01
-1.5553758869895784e-01
2.8051965273135793e-01
1.7533206574699955e-01
-4.9328468568152251e-01
1.0217048758179526e-01
-1.1322880547901537e-01
4.1599124413142530e-01
-4.9884894287089276e-01
-3.7550840757671344e-02
-7.5650960184624805e-02
-3.9083633971035980e-02
2.7015972860860926e-01
-1.7752819281322141e-01
2.8473929476074156e-01
-2.8642846289388402e-02
-4.6423726673088206e-01
-3.2412558431646910e-01
2.2175803339110245e-01
-2.6514007034679654e-02
-3.4727879956176821e-01
-1.5887539295089070e-01
1.0738921376834742e-01
-3.0825474453820223e-01
2.3842683997694158e-01
-2.5715040168183090e-01
4.1742434204938239e-01
-2.3093841331398168e-01
2.6550001662143841e-01
-3.1133802320850901e-01
-2.1250182693386876e-01
-4.0888653631346505e-01
7.6209380663006976e-02
1.8336324329465303e-01
4.6593114590322782e-02
-7.4271158128812131e-02
1.4444278143133649e-01
1.4761763017268437e-01
1.7901675409320195e-01
1.3578671051408364e-01
4.4517411310940136e-01
-2.9106507757397715e-01
2.0928170271054480e-01
-2.6376942300620343e-01
-3.8060375220269449e-01
1.0730394068563465e-01
-4.9862303034103994e-02
-4.1274506351132167e-02
1.6194475190565194e-01
2.7028551480366014e-01
-1.4978198655889496e-01
1.6200959835913453e-01
-8.3841410030203511e-02
3.4192915269130897e-01
3.3291681907521575e-01
-2.4355900777085271e-01
1.1346073681287527e-01
8.2249164527227081e-02
4.0739337124409691e-02
3.6994103235800735e-01
-2.3522097352436999e-01
-1.8192592451894085e-01
-3.8078545894580884e-01
4.3982947034492059e-01
1.4555187497252353e-01
-2.0536775051112177e-02
1.3931696104010838e-01
4.4716110526762831e-02
1.4731148029312768e-01
4.3885933999639026e-02
2.2104662057981139e-01
2.2495305777102126e-02
4.9370462412085203e-01
-2.8132336760036614e-01
-3.9420172674977183e-01
-3.9030253547680582e-01
-4.3640862902489430e-01
-9.5420004142374171e-02
-5.1627087933504678e-02
-1.3418382316182875e-01
2.6350464084881342e-01
1.2789637961416878e-01
2.7198038555424509e-01
4.3285357027881954e-01
4.7274085400301380e-01
-3.0797165057222509e-01
-3.6112579717084470e-01
1.9626633708299479e-01
-4.0617997322513444e-01
2.5404403859335734e-02
3.0344218392863387e-02
3.6113981139333240e-01
-1.5146666447898083e-02
-1.0654363878473361e-01
1.7143113967402601e-01
2.4125794345420648e-01
2.0052467390386797e-02
-1.5228732872247486e-01
-3.5000274616831695e-01
8.6092067231461900e-02
-2.3785468227219264e-01
-4.5554590772176151e-01
2.5493326723117915e-01
-2.5721464217903811e-01
-5.7597686998056674e-02
1.8779608512010715e-01
-1.4077178959813941e-01
2.3634007430120174e-01
-1.0529252472123685e-01
1.8341586696797840e-01
2.0404743033426598e-01
-5.7694586616629184e-02
-4.8042237644668129e-01
-1.6914211978592897e-01
-7.5690503166862544e-02
-2.2972957656793469e-01
-3.0294620190454424e-01
3.2172118496130986e-01
-7.0078590616733605e-02
3.8777095425635377e-01
-1.0881700453883669e-01
2.6911438738829563e-01
-1.0320848298638341e-01
3.0851409588734513e-01
2.5507709900708353e-01
-1.2260445516489715e-01
-2.8398108403860567e-01
2.9040721796691338e-01
4.4930391184979690e-01
-1.7243456592479478e-01
1.7126437045173981e-01
-6.1355017413044388e-02
3.3350059558897527e-01
2.6885425242961491e-01
-3.3274645450527829e-01
3.6198047870207217e-01
4.8987215363150394e-01
1.4423456505704424e-02
3.8428102312695533e-01
8.8026055308497497e-02
-3.4524765134395530e-01
-3.0013717714254795e-01
-9.3045162861093211e-02
2.4870571821569143e-01
3.2558381578615558e-01
2.8996302994453083e-01
-1.8147575460100784e-01
3.4064127370726394e-02
-4.1004932122941895e-01
-3.8829425580679655e-01
-3.6370745106170133e-01
1.7865230480018823e-01
-4.8229809103393917e-03
-3.1028959398241984e-01
-4.9941750097791671e-03
-3.5239177802331134e-01
-4.4502585309381182e-01
3.5071267428900743e-01
6.0559527354884790e-02
4.2960886675666321e-01
1.9666720055522757e-01
8.2790965175840059e-02
3.1539721147742117e-01
3.7901390459717776e-01
4.8891161607958911e-01
-4.9947762464305523e-01
3.6543859101302456e-01
1.1256646948399873e-01
4.8995020570883085e-01
2.7680069338442359e-02
-2.0476614789781244e-02
3.0134760552195228e-01
-2.7215706429395814e-01
-1.9057088036102954e-03
4.0085248853200484e-01
7.4661219130187639e-02
3.4517818505403663e-01
2.3864029199540182e-01
8.5987035826475822e-02
-2.5326547401402510e-01
1.6641621731946799e-01
-4.1651718639737734e-01
1.2595978517158324e-01
1.6094455794734230e-01
2.2975185531722109e-01
3.9075211632532225e-01
4.8230322288360639e-01
2.6902908533589620e-01
8.1446487875397766e-02
4.2831306231418798e-01
8.0090365758441640e-02
-4.8301706166273872e-01
-3.7914042890144184e-01
3.6271071869966964e-01
-1.5703488787897513e-02
3.4485567457626320e-01
-2.9059491597906528e-01
5.2291341538775016e-02
1.2988338506442121e-01
-4.6800898423743309e-01
1.1471341911714050e-01
-1.3758853772694735e-01
-4.5046742095793879e-01
-1.0430010822678248e-02
-3.0748960393792524e-01
-3.7691625245405480e-01
-2.9450582909232015e-01
-3.5348508938511014e-01
-3.1092782552738618e-01
-4.5734758908885664e-01
1.3519791685988203e-01
-2.1813314411957008e-01
3.8596678045340393e-02
1.9516303944433200e-01
-8.8398651741050660e-04
3.5801055751113253e-02
-5.4816834703957706e-02
-3.7606772240192987e-01
-9.6427065319818484e-03
3.5299815534081624e-01
3.7392740586173334e-01
-2.2970566770730239e-01
-2.9153864124868623e-01
6.4979570738201153e-02
1.4031182516275809e-01
-8.2971048357113997e-02
-2.9402448446775664e-01
4.4793312129316865e-01
-4.1792879290227414e-01
-3.9429057341827856e-01
-3.5795887809600180e-01
-3.3353955912357924e-01
1.2095864393530831e-01
7.3709764841198178e-02
-4.4792210971413038e-01
4.3120138460824964e-01
2.2866168167827117e-01
2.3784165379759015e-01
-4.3659549930718178e-01
3.6044056303823191e-01
4.3440511896121337e-01
4.8439831224097163e-01
3.5893881668386618e-01
2.8555898926503054e-01
1.3377418587574907e-02
-3.2239753949413497e-01
-1.0141050326415690e-01
-3.6606874901202879e-01
-4.6911045125504847e-01
4.3914170606954794e-01
-1.9869393541360780e-01
-2.0446616552464358e-01
-1.6706371816382470e-01
-3.2931812971147556e-02
1.4819840646615712e-01
-4.7477181850696371e-01
3.4220661241933448e-01
5.9032544988695035e-02
3.5409994927344313e-01
-1.5212080567273889e-01
-5.3973351944897163e-02
-4.4576051555887042e-01
-3.2289246621089085e-01
1.6280806196097442e-01
-1.6917100479669545e-01
3.9848613783429954e-01
-3.8184480155328937e-01
4.8841792878498058e-01
3.9982099037929153e-02
2.0691741932276275e-01
4.9949162009770465e-01
-2.1215065518486276e-01
-8.5477461106891583e-02
-3.5160058374862690e-02
2.6395707849195660e-01
3.1820403890767079e-01
-3.9977845980450843e-01
-3.2188304611323360e-01
-1.4036508651791968e-01
-4.4329531093170882e-01
2.1885673661279248e-02
-1.6415102532307546e-01
-3.2433097032433922e-01
-2.9105332600686462e-01
4.0515355900446404e-01
1.7539117733624687e-01
-3.1531800096002649e-02
4.1213247423962285e-01
-3.9598842522062150e-01
2.4554607370171733e-01
2.3626745559663853e-01
6.1861425281637406e-02
-3.1580590248447349e-01
9.7211350337854885e-02
-2.0006300991021109e-01
-3.6587706717131763e-01
-2.8739846664115709e-01
3.9494167544081438e-01
-4.2854718721295548e-01
-2.5751344106328056e-01
-4.4624560779128619e-01
-5.8277942935576088e-02
-4.8671679953274749e-01
3.9719135097357205e-01
-3.0334180863236804e-01
-4.0662948324490700e-01
-1.9263310041207993e-01
-4.3942333156258506e-02
-3.9833060637524487e-01
4.9538972765509171e-01
-1.6790716654750093e-01
-2.0265318411207833e-01
-4.3795477868036736e-01
-2.0175602811223614e-01
-4.5364873510181924e-01
5.4281424577029558e-03
2.6142588669011335e-01
1.3106999921359352e-01
-4.1010834922390826e-01
-4.1913757686968633e-01
2.7724053654894321e-01
4.0513474422357088e-01
3.3771951767000208e-02
-3.9084578795754144e-01
3.2580885785559832e-01
-1.6190228119782812e-01
-2.0602694697351598e-01
2.4631342770367937e-01
-4.8966338165660361e-01
-4.5155266074677791e-01
1.6791612157362368e-01
1.0346798383076949e-01
2.6102465795561192e-02
2.2970944822322770e-01
2.0725348531542154e-01
2.8137705179927719e-01
-2.1202302438582876e-01
1.9253198638651881e-01
5.6669834964012566e-02
-1.0347920741840744e-01
-4.3840933294603535e-01
2.8017553149117358e-01
-1.6241613594795490e-01
1.0786590726294576e-01
2.4125404950221796e-01
-3.9518675802650038e-01
-3.7211162021700483e-01
4.9540107015197954e-02
-1.4770591415040668e-02
3.9047567918443826e-01
2.9896027881287934e-01
2.3434108369596973e-01
-4.4866811388762895e-01
-4.2711470090102388e-01
-4.1147254032527958e-01
2.9835086411395240e-01
4.4300813957070273e-01
1.8371557240835812e-01
-3.6791704428643723e-01
2.2272453965676586e-01
-3.8964651935765138e-01
-3.8250714784816708e-01
1.4071792296592556e-01
-1.7118578524319727e-01
1.5381202259577365e-01
2.4913146310351908e-01
8.3185731454876177e-02
2.4003232798777763e-01
-2.6517308525209571e-01
2.3495754169605221e-01
4.7059852508661448e-01
3.6693029175191594e-01
-4.1376547013650367e-01
-1.3356338368080112e-01
-1.3080119566998183e-01
1.8502847266160927e-01
9.7941635383889114e-02
2.8936394364190543e-01
-1.3234708156212305e-01
-2.9397214049480536e-01
-4.1333345260446774e-01
2.7193391709910730e-01
-2.9432547853524016e-01
-1.1172836895219829e-01
5.1778531957227480e-02
-2.7104674797689998e-01
1.4194062039918731e-01
-1.5519627601819574e-02
-3.4815447488373341e-01
2.8193196658800190e-01
-3.9939367763757849e-01
-2.0593366624137155e-01
-2.6262698029442078e-01
3.0872257027928396e-02
-4.0850126866058778e-01
-9.4684580119408723e-02
-3.9515375288424348e-01
-3.8771603784397335e-01
2.8442789074391273e-01
-2.0842968209306911e-01
1.0353343875088683e-01
4.6442266721590131e-01
-6.7515006029639002e-02
1.9475219461794013e-01
2.5809927528945409e-01
-6.7357673852899480e-02
1.5549803980353738e-01
-3.9024494927694842e-01
4.3375984838533244e-01
-3.1253919357831350e-01
-2.3382116109236117e-01
2.9783026021159709e-01
-1.2396224566076364e-02
2.6895826405886913e-01
-1.0399325478212484e-01
-2.2706120587630940e-01
-4.6276536592967199e-01
1.7329491410865316e-01
-7.0435540748146952e-02
-4.8260765095264446e-02
1.0985716929021605e-01
-4.4059670314172283e-01
-1.8418856166113395e-01
2.7272213086293473e-01
1.9643298900609485e-01
-3.7466781889082001e-01
-3.6984854961057645e-01
-4.0764766128079843e-01
-4.9217970643066511e-01
-7.6890614835833482e-02
1.5557317493791434e-01
2.2292252469202434e-01
3.1209293582438735e-02
-3.9118206172695458e-01
1.3176637352848886e-01
-3.7350013467069709e-01
-3.6569669568642538e-01
-4.0140590728900227e-01
-3.5797275156807162e-01
-3.3174870150847224e-01
-3.0375107774304466e-01
-1.8252022485056463e-01
-1.8357100085370903e-01
-2.8243669057717935e-01
-2.4895815398426391e-01
3.9292240528597699e-01
2.0322322455629105e-01
5.5737942719386591e-02
-3.1556633224234676e-01
-2.8796915746767926e-01
-4.2265319188732320e-01
4.1380041077956786e-01
2.0671521769693058e-01
5.7788966754876214e-02
-1.8657101006340870e-01
-3.3379643709784934e-01
1.2249725927989519e-01
4.8793473495249540e-01
-3.2956797694311668e-01
-2.4220774942798695e-01
-1.0320068136685634e-01
-4.2600523042306204e-01
1.8409606696200898e-01
-9.7611667303838079e-02
4.8283520139395097e-01
-9.7816014777515337e-02
1.2067194719957841e-01
-3.4563019452072763e-01
-1.1865479555552805e-01
-3.3886602815063915e-01
2.5811243132741857e-01
3.7111112191538920e-01
-1.4922325511410739e-01
1.8553570874753722e-01
-2.0585136623215039e-01
3.0629303856885559e-02
3.3242338628518386e-01
9.7490191872579346e-02
-1.6468866929475390e-01
-2.0077497666689337e-01
-4.7407458430675953e-02
-7.7354346779537564e-02
-1.4039368202776437e-01
5.8319199869297123e-02
2.4254536570193908e-01
-7.5665216374309341e-02
-7.0644211423794956e-02
-3.7512724128018715e-01
-4.7556598394962601e-01
-2.0981473486927282e-01
-1.8247941710077364e-01
1.5369013396647513e-01
4.5693592407068406e-01
4.3573087278488043e-01
-4.2113666145633166e-02
-2.5952160316791539e-01
2.6389794428647828e-01
2.5932738313109627e-01
2.4064806497861424e-01
2.4368834148732599e-01
-3.9407958326723469e-01
1.8156043047031567e-01
-3.6739421406280837e-02
-2.8783679474506563e-01
-4.0148126231189163e-01
3.2357447392783856e-01
-3.2499026261792041e-01
-3.3643009021500681e-01
1.6598721641111058e-01
3.9438937535424279e-01
1.6558208351270420e-02
2.0270230695047531e-01
-3.4640962338059977e-01
4.5345706988624768e-01
4.0884081241476466e-02
1.7973389821046692e-01
-4.6343698195154714e-01
3.0920385129379335e-01
2.4861887177619713e-01
-3.7981298201291935e-01
2.5045164762608763e-02
-1.7416637123675083e-01
4.6449439903068490e-02
-1.0111924761680102e-01
-8.4906613386953378e-02
-3.1926223974520562e-01
-2.4461325951194923e-01
-4.7946422534181543e-01
4.2367561262040720e-01
1.5369988900825293e-01
4.3261357204856410e-01
-3.3648763147247440e-01
4.2109725589219749e-01
2.9465788538875315e-01
7.7394196706648710e-02
-5.9964404239746361e-02
-2.4238626328756230e-01
2.5194639386744999e-01
-2.7133051789449858e-01
-4.3581291260810140e-01
2.6732951077657441e-01
1.7120218535653553e-01
2.1521251478584014e-01
1.4206082843385226e-01
-8.0951706375116950e-02
-1.0923791779582548e-01
3.1614010287532268e-01
-1.8257213634415037e-01
3.1453977290065127e-01
2.8907351493895828e-01
3.5226389034384564e-01
5.6366175717561529e-03
1.3566138886137691e-01
4.5089441537813524e-01
-5.6035844981189631e-02
-4.3998118022052402e-01
3.6674989699931870e-01
1.3118873426901123e-01
-1.4492634812115102e-01
4.9700327160664770e-01
-2.7582850101687284e-01
1.5245107296861493e-01
1.0499064190825935e-01
-1.1275456851686505e-01
-3.5781284070949593e-01
-4.7486501428979688e-01
-7.8887746234758693e-02
-3.1589971057248878e-01
2.2577526746945309e-01
-1.2963731348480190e-01
3.4156008746820610e-01
2.3422969119331316e-01
7.1025872824378888e-02
-3.2314494237469726e-01
4.5738402259572331e-01
-2.3467796380707995e-01
4.2458089523960096e-01
-2.7622959530295899e-01
-1.2643619235735504e-01
-4.1249965042341430e-01
1.4011654824671504e-01
-3.1938311224689164e-01
-4.5494889252642579e-01
2.2317347918309527e-01
-1.5256235441820987e-01
1.6061682450290382e-01
-1.1613139892802860e-01
1.2734650244346701e-01
-4.7835018536969354e-01
4.1056998852302851e-01
3.0055865627881106e-01
2.4584748434272119e-01
3.1311281361076071e-01
-1.1669368137447078e-01
1.1727923231644921e-01
7.5494859702813888e-02
3.0051704765015619e-02
-2.2493024417806495e-01
-2.5137104033802959e-01
-4.8361229548027240e-02
-2.7228717397345237e-01
3.0444958361307006e-01
4.8610424189597012e-01
-4.7000804973061006e-01
3.5664190667237694e-02
-4.1292278009910766e-01
3.0209144055580395e-01
4.8914490970033997e-01
-4.3305374160224985e-01
4.3939836188453485e-01
-4.8182246636330428e-01
1.8383861374635535e-01
2.8373648008321861e-01
3.4137567882728259e-02
3.8535945093114177e-01
3.9900489890614010e-01
1.2593762608049586e-01
-3.6213100758744177e-01
-2.8219840628787540e-01
-3.1785892410956629e-01
-4.5818013602704566e-01
-3.9305834144979301e-01
1.1644348508568514e-01
4.3966101016106673e-01
-1.4554426903267115e-01
-8.9370909940486021e-02
4.8434941698445155e-01
4.4557918903526261e-01
1.7664467843353915e-01
4.8830226231328622e-01
2.6683138721659427e-01
-1.6330073560852387e-01
1.6238186039948121e-01
-2.5583471320972073e-01
-2.0449274916840321e-01
1.8017837123050207e-01
2.7846830418797874e-02
-8.8406486592465416e-02
1.0263821803639717e-01
2.5052005592373561e-01
8.3533174261958609e-02
5.1792514935967482e-02
8.3570618757714432e-02
1.1819919958475200e-02
-4.1740727300130065e-01
2.1957013485948973e-01
4.9615611129686943e-01
-1.4546569504307816e-01
4.7125881518340573e-01
-1.5355123869964038e-01
3.8654386176030631e-01
-4.5305135008092190e-02
-8.6572710979184730e-02
-2.8226793164269959e-01
-3.7434541263737375e-01
-1.9108540643318472e-01
2.2610443166483185e-01
2.8287207297912320e-01
1.9378761498689723e-01
-4.9019774773693792e-01
3.4321333801050957e-01
4.2233199779627573e-01
2.7095422067392450e-01
-4.5734014406495127e-01
-1.2181386294978114e-01
2.0433962448336762e-01
2.2951304550464691e-01
-2.7572292933548559e-01
-2.3094526822663497e-01
1.7303116500411897e-01
-2.2507802273138755e-02
1.2371641266744249e-01
-2.6355506735908962e-01
-3.2287624550168348e-01
3.2964338569758456e-01
2.6692166793526484e-01
4.3447827311826959e-01
-3.9211109491563645e-01
-3.1777249439894428e-01
-4.0090471757754154e-01
-1.0236198076553071e-02
-3.0675466953112951e-01
3.9589157379256823e-01
-4.0091035031818545e-01
-4.5583442823733888e-01
5.7295155804761855e-02
2.7249506718762406e-01
-1.8805994250373115e-01
-3.2101752068566491e-01
-1.6104432175228178e-01
-2.8985436295644795e-01
1.0152519765250223e-02
4.0636432326521477e-01
1.2892393865231788e-01
-3.9846611118768782e-01
-1.0914524727364538e-01
-4.4538338477634243e-01
1.2829132032152746e-03
-6.8278828115752810e-02
4.9756034951218908e-01
3.1160258099532290e-01
-1.4348330101982332e-02
3.9444775556739320e-01
-3.6245340523293523e-01
-1.0999508555471460e-01
4.2735622499812487e-01
4.1749383241611693e-01
2.1357401159431577e-01
1.1833738362194002e-01
-1.5671210975865457e-01
4.3602732668976973e-01
-3.7522595933950742e-01
2.3058536150570708e-01
