matrix
2 
19 3 
1.4647743242581379e-01
3.3315198566929505e-01
-1.0171777178122454e-01
2.4982220936063593e-01
3.3522051047813051e-01
-1.7753960263774060e-01
5.2261616858354953e-02
4.7912913243389210e-01
4.9308533018302736e-02
-1.6957639039339722e-01
1.1947155517777985e-01
-1.3936342899779730e-01
2.5650954350194433e-01
-8.6099251309810332e-02
-7.6548956150622738e-03
1.9474323313261011e-01
4.7273388507978409e-01
-1.7224503950659320e-01
3.3780318307857560e-01
2.3907222727352806e-01
4.5417445637954312e-01
-4.6807737049602161e-01
-1.4313101381745796e-01
1.6265383428721447e-01
-2.1849844085150938e-01
-2.6961693268253628e-01
2.1112855118032514e-01
1.2457291699330852e-01
9.0608652919635935e-02
1.6043796631260188e-01
-4.5244532688613393e-01
-1.5121519148994111e-01
-4.8659419644256796e-02
-2.5909500287988929e-01
2.1504501329617653e-01
3.5618229200628793e-01
-2.1849230488144666e-01
2.3105082972374147e-01
-3.6223710748048366e-01
3.3672278174971748e-01
-3.6139828425763998e-01
8.8209385389493633e-02
-1.3384319954506219e-01
3.0675954466110567e-01
3.7807857761559260e-03
-1.0405661276645772e-02
3.7704872338504392e-01
-1.4685818706104448e-01
-5.0556443428251718e-02
4.6353028684342690e-01
-4.5770220208545720e-01
4.7295833414063471e-01
-3.1079315687762399e-01
1.6712030004007494e-01
8.6439614678917920e-02
1.7511241640511532e-01
-1.3897795080533915e-01
