matrix
2 
13 7 
1.5385059206258811e-01
-4.2794844877935012e-01
-9.3273084910636239e-02
1.6693153320749865e-01
4.3372565954592968e-01
3.1095003223826512e-01
-1.5451728165009615e-02
2.5674921006551221e-01
-8.2952546257233029e-02
4.7178599298929402e-01
4.8797470123083198e-01
3.6414752903120273e-01
-1.1111622408757149e-01
-4.5258171960888216e-02
-2.5331280236192077e-01
2.8442309302417712e-01
3.8283760558305246e-01
4.1371168129301816e-01
5.8284923622274998e-02
9.8868102746205389e-02
-3.5112327966245094e-01
3.9971348453573852e-01
-4.9606419347884456e-02
-2.9432766053603654e-01
3.9965099050908082e-01
2.6258553937322693e-01
3.8248630740029799e-01
-2.1504978197517877e-01
1.7322598645225773e-01
1.6427990441805074e-01
-3.7718500610047412e-01
-9.2681576943187127e-02
-2.2471304868430997e-01
2.1666974063914168e-01
-2.1661561837106369e-01
3.9619885684949541e-01
3.2657889231356019e-01
-1.0997348718600231e-01
-2.0970570358134211e-03
1.9480519267249385e-01
3.3436900109993772e-01
1.0962968967573239e-01
7.4737160856408025e-02
-1.7395782907720869e-01
-4.3575399148253036e-02
2.1379558323313452e-01
3.8440504527599495e-01
2.2085567081693147e-01
-4.8138722527361388e-01
1.7477646712828576e-01
-6.1491175763487171e-02
-6.2179820833729971e-02
-3.8296318049434219e-01
3.1468168951858222e-01
-1.7514456136949097e-01
-2.5377188576535858e-01
-1.5728677887672049e-01
-1.2430785999041172e-01
4.6553793082958927e-02
6.1920154265976746e-02
-1.0417777137599904e-01
-1.0186912046866414e-01
1.5367219211572358e-02
1.5753054209591100e-01
4.5091519826495918e-01
2.2234851432749791e-01
-9.9920254637662409e-02
3.3187133932980994e-01
-3.6566165827129182e-01
-4.3953322806017159e-01
-4.1575294768534043e-01
-3.3610168167029175e-01
-1.7578007970595100e-01
-1.9827322279535298e-01
-4.8831900886966040e-01
3.9905093849625262e-02
-4.0462730737217845e-01
-3.5348514355776850e-01
1.3114120701495502e-01
3.5932041142878535e-01
4.7422163123871330e-01
7.0838427472183496e-02
4.9685021457494860e-01
5.3541573495532568e-02
1.5458454840325819e-02
-1.6931793400973294e-01
-6.9998201606603638e-02
-8.1937463962552526e-03
-4.2896291608704729e-01
3.8773921553271606e-01
-4.3536640894913159e-01
