matrix
2 
11 11 
-6.3815044268551668e-02
3.2662950661889179e-01
-1.0546531576696649e-01
1.1347488170526199e-01
3.1864073508220914e-01
3.8623503906260648e-01
4.3111162748722065e-01
-3.0921535199087780e-01
-2.4141774858122766e-01
3.9786568484029916e-01
9.3361860386108941e-02
3.8400818468479203e-03
1.1280958883555914e-01
3.1942224223187587e-01
3.1889169492925751e-02
-2.9792490345156841e-01
-4.6106534319478087e-02
-7.2089080179829179e-02
4.6605274961199905e-01
1.2005505413347373e-01
1.9538995191800357e-01
2.2016461201797943e-01
-1.5310480971238638e-01
1.6990420525310190e-02
5.6694632012101898e-02
-3.4350478088595549e-01
6.2056045561774797e-02
1.9480328910845623e-01
-7.3544464289762579e-02
3.3627042067631407e-01
2.3138706616193305e-01
-1.3996895791422836e-01
-4.5787628146601422e-02
-1.1361010140782768e-01
2.7555464225053550e-01
2.3427110568593934e-01
-6.9722154925844437e-02
1.9375257413391345e-01
4.4521348716846032e-01
2.8423259823174085e-01
2.0557185813106882e-01
-3.9066576047565427e-01
-1.1006934284351499e-01
9.0904730405336420e-02
-4.0619952033674633e-02
-4.4966001326104588e-01
-2.7131241597977918e-01
3.3418906105689949e-01
-4.8435530730347298e-01
3.6371086505586570e-01
-4.2193094696756572e-01
1.6904259008155542e-01
2.1132428110237633e-04
-2.8200620124984643e-01
7.1615725404089114e-02
-3.7781084907658025e-01
1.7116623298865297e-01
9.9585548122813838e-02
-4.4402384261220951e-01
-4.4365698145664323e-01
-3.4749936299752970e-01
-4.8037893323441594e-01
-6.4824454303048173e-02
3.3222147528281765e-01
1.1739017145408426e-01
2.0129415310741972e-02
3.6386822293361065e-01
-4.0230208183855687e-01
4.0805220318676916e-01
-3.9198330586324104e-01
1.6996758096944897e-02
-3.5684397791642386e-01
5.9370572403003918e-02
-4.9542037605267653e-01
2.6668199862148745e-01
3.4870922645828240e-01
4.1682127025373805e-01
4.8696827478365812e-01
5.1331017988225369e-03
-2.2857837558248495e-01
-3.9924948807876437e-01
7.8488308295365794e-03
8.5609125701878397e-02
2.6288709591074089e-01
-4.1703735088945615e-01
1.6159619308271422e-01
1.6979014706213102e-02
-3.2895198247455282e-01
4.3855786433184241e-01
9.0483177142571702e-02
-5.9365319239159886e-02
4.4191893031128293e-01
1.5591382025714129e-01
-4.8054290739614203e-02
3.3969742071966902e-01
3.2623502474346311e-02
5.3887065791275002e-02
1.8006553008336068e-01
-1.3281009468263261e-01
-2.6070939380645464e-01
7.8923492459093580e-02
3.6688705467250782e-01
-9.3223239784774425e-02
-3.8738485897495323e-01
-5.6154163273042679e-02
-1.9981559878610000e-01
-9.8613146185507206e-02
3.3336356345313434e-01
-9.6371337226392906e-02
-1.0982406186939342e-01
-1.3955110662105541e-01
-3.5974464073055568e-01
-2.3986980588755991e-01
-4.1318489913416634e-01
-7.0602662914194703e-02
-2.4271721523014012e-01
-2.0244461584888163e-01
-7.5141588295374206e-02
-3.8079274057871293e-01
-4.9330761995408645e-03
2.0640722753756047e-01
