matrix
2 
17 5 
1.2027842707108549e-01
3.1115088510028521e-01
-4.8074252258585859e-01
-4.1612649171710014e-01
4.7480166718489036e-01
1.5134953241535332e-01
-2.6876218383564776e-01
-9.6508856875410109e-02
-3.7797948174787044e-01
-2.3156117860271686e-01
-2.4215382988739531e-01
-1.6833476125737068e-01
-3.4776598713705353e-01
-1.5199234028388653e-01
-3.7834154569227385e-01
3.8415305774966013e-01
-4.0572160993585393e-01
4.3004062610748905e-01
-1.0098003096544450e-01
-4.5259853797084926e-01
-1.5762649683926022e-01
2.3596615888016415e-01
2.9468215733380521e-01
4.4905898244671505e-02
1.8622346298404091e-01
3.9363269593360162e-01
-4.4520821008026756e-01
-1.9633862028298410e-01
-4.5380844366845219e-01
-3.0452323636620160e-01
2.2016580251652562e-01
2.2175327349929674e-01
3.7779907115152722e-01
8.2432964487410332e-02
-4.2931566461335002e-01
4.2274457018909217e-01
3.0037209235110707e-01
-2.1405314357963678e-01
4.3663232841361865e-02
4.8477623697060979e-01
2.1567806712662152e-01
3.3896959733000021e-01
-6.6739438992051703e-02
-2.9375284393459267e-02
6.0713411044556076e-02
-2.3090845646900249e-01
2.4901846764194613e-01
3.8877734604886305e-03
1.4680966627278047e-01
-1.9225441796905929e-01
-3.6127536392185544e-01
-2.4427066202437064e-02
-1.3754071918125399e-01
2.8811342839854726e-01
2.8029582084410964e-01
1.6851221425354490e-01
-3.6649614033868771e-01
-4.7844411279650301e-01
5.9840705872509670e-02
-1.9918098193051093e-01
4.3940971387345829e-01
4.8090363604685904e-01
-2.1337961110574066e-01
3.0082028695153462e-01
3.9611135143260379e-01
9.7526576817829613e-02
3.8401673572381978e-01
4.4373154119579139e-01
4.9158087419902685e-02
2.2838682459435666e-01
7.6758297858009805e-02
-4.7414252891686037e-01
-5.3469021715185638e-02
1.4630195735065554e-01
2.1202952672418229e-02
-1.2768733922048792e-01
4.3713466634156228e-01
3.2953282452651489e-01
3.4908547995445516e-01
-1.2746576010046051e-01
9.3184575218490329e-02
3.7255256464755859e-01
4.3350160850710528e-01
1.6846427436137557e-01
-2.9322354206489498e-01
