tensor
4 
3 5 7 25 
-3.5619366658493148e-02
7.1598759818694993e-03
-2.9239689300141364e-01
9.2339728475609853e-02
-1.5109999867391215e-02
-5.2369712750023700e-01
-3.1927376532201429e-01
-3.5231691971838047e-01
-4.3588533658744455e-03
1.9076524787577091e-02
2.5232790789865295e-01
5.1461134045495960e-01
4.7885167547180163e-01
2.3053906394891097e-01
2.7414138321956294e-01
5.2684026256372807e-02
-1.4384352695570854e-01
-2.6804750679205874e-01
2.1750982693519649e-01
-2.7581381157117907e-01
-7.3131332947558511e-02
-5.2355374625558626e-01
-1.8184158392742140e-02
1.3286597650390558e-01
-4.1620362384991776e-02
-6.2680001062840066e-02
3.5390762943446707e-01
-3.3768315492887718e-01
-1.2290155311041973e-01
-2.9520490886579143e-01
-7.3331951777514573e-02
-2.4081858690360891e-01
-1.6386326640626912e-03
-3.3360577209355341e-01
1.7042015811854754e-02
3.2957787916286946e-01
9.4741793591937115e-02
3.8573920513578652e-01
-1.7801544986265735e-01
-5.2876594885483874e-01
-4.3231721427974953e-03
-2.0650503121520802e-01
-6.7807028485834059e-02
-5.4273672856933153e-01
-1.9684530096081784e-01
8.4310215387382370e-02
-7.8949502720521827e-02
4.3685869892082740e-01
1.5027630810725845e-01
2.8854608410039928e-01
-4.5379784736856432e-01
2.0169134221615856e-01
4.1730748728515976e-01
-1.0171961121816853e-01
-6.7435125391502171e-01
-9.8161615908129635e-02
2.4574889320630089e-01
-2.7215141286143878e-02
-3.7379977084363458e-01
-1.7140993150994163e-01
-9.0714491813138329e-02
4.9636337608839975e-01
2.4953842630215903e-01
3.8118218407357624e-01
-2.5416877701543489e-01
3.1367837654419467e-01
1.7622976315508410e-01
-4.2178203602616909e-01
-1.6047078900244269e-01
-4.5822291810069316e-01
-1.1455943924332253e-01
3.9898581749752099e-01
4.1100432044693291e-01
-1.3216947712401503e-01
3.4062492199816635e-01
-1.4752488360519495e-01
3.5028890144133112e-01
6.0758422003644774e-01
-1.8049936884200288e-01
-3.8090889523797508e-02
-1.0442911571251903e-01
7.8675700724280567e-02
5.4605854534254417e-01
-1.8116107245973598e-01
-2.1201887085482662e-01
-4.3575054346174080e-01
5.4221624280442660e-01
4.1461186276514228e-01
7.2694829109057446e-02
2.1705730179206278e-01
-2.4423748367260875e-01
1.9404163048671152e-01
-4.1418047859944251e-01
-4.4489854784203517e-02
1.5858138288597268e-01
-1.2938767474694196e-01
1.7353733872615457e-01
5.1622077943796509e-02
-2.0166101304230943e-01
-6.3037612093248996e-01
1.1874927538066844e-01
9.2576069236443792e-02
2.7364115332760858e-01
1.0592469065200626e-01
4.4071847577406292e-01
-2.2747885516167332e-01
6.8799658670203689e-01
-1.9386135190764209e-02
-1.0615935694193102e-01
-2.1154093811476118e-01
-1.3819693157181615e-01
1.1847558156260721e-02
5.7265706583945898e-02
-7.1115642635941057e-02
5.2380780592336924e-02
-4.4410414842099566e-01
3.9836397420255965e-01
-3.9346361381192257e-01
6.2163309577795471e-02
4.3531892495221014e-01
-3.9159501872798885e-01
-4.9156537733680894e-01
4.3617874369530207e-01
-1.4941887415167196e-01
-5.0369121505817316e-01
-5.0903039744187228e-01
-2.4442622323071816e-01
-3.8378119478432138e-01
3.6780196530315667e-01
-1.3899555042778905e-01
3.9153229093937120e-01
-1.2563301054228751e-02
-4.0622329114681978e-02
3.7721756796024603e-02
3.3196315614214378e-02
-2.5020175660736099e-01
-7.6019977317503851e-01
1.2033512373940865e-01
-9.0527866211691344e-02
1.0430597874920992e-01
-1.8220270411244374e-01
-1.5643052275704744e-01
2.1990404943244149e-01
-6.9255345863761350e-02
-3.7503275250507834e-01
1.5650365507704675e-01
-3.8566133461801866e-01
4.9328750442533618e-02
2.5905881804968245e-01
-4.8405229700193103e-01
4.2148717890945608e-03
1.6151700764564789e-01
-3.2094858391948922e-01
7.2474092330091999e-02
1.3184709304985009e-01
-1.0643580769057777e-01
-3.1427820516364585e-01
2.3154236054822031e-01
-2.8477047316540161e-01
2.3564120299068037e-01
5.0078424960452332e-02
4.8604889480914903e-01
-1.0640574044052835e-01
-5.1894526444361724e-02
7.7781783436695869e-03
8.7219063738374999e-02
-6.2455287790675162e-01
-3.1726129464232999e-01
1.3460504968116047e-01
2.8353742414045552e-01
4.2691373791648640e-01
-2.1641215236532496e-01
6.6856532626869414e-02
-5.8094471269996517e-01
9.1703159028151071e-02
4.6449192161431740e-01
1.9343061218098766e-02
-2.3888988534421723e-01
1.0611861791391868e-01
-4.0867523495060509e-02
1.1036757776432680e-02
2.2366833268663455e-01
7.7142098064716044e-02
3.9555125736626712e-01
1.2801399099691224e-01
1.9558572326565066e-01
1.1507285907854770e-01
-7.6093977148880318e-02
1.5412029094816485e-02
2.7083999637022194e-01
-3.3452278833847521e-01
-9.4572561700735400e-02
1.5490065950339071e-01
-1.8557457279918219e-01
1.1350857989759709e-01
-4.9745035372502805e-01
-3.9910649946613808e-01
-4.4312015574162228e-01
-4.3332700084804293e-01
7.9360545620221573e-02
-1.3352799896928760e-01
2.7497432975335301e-01
7.6220189374663433e-02
-2.8240995323709367e-01
-7.6485019200446661e-02
-2.1505139311800953e-01
8.9445801562330104e-02
-8.9782861435061173e-02
-2.7279024023341647e-01
-1.6668295496521507e-01
2.3009564382930101e-01
-1.1510495184481699e-01
-4.5077686976863646e-01
1.2819710917021174e-01
-9.2094201887660113e-02
-2.8956951562294447e-01
-1.9331384463041987e-01
2.6696373448084620e-01
2.1946993457810765e-01
4.2173922067558334e-01
-2.8253845222169210e-01
4.2295305884218970e-01
4.2485322157961630e-01
1.5536214448532434e-01
-1.8684578768170373e-01
1.4578243911847830e-01
9.6248336252828290e-02
2.4110263015254740e-03
3.8769655530911751e-01
1.2944593610884919e-01
1.7028571222551181e-01
-2.5408564807499362e-01
3.2736531799604018e-01
1.0068781392098060e-01
-2.3130617294824019e-02
3.4537657026850424e-02
3.4220225432293794e-01
-2.2294833782429135e-01
3.3230431648265968e-01
-3.5710352154809916e-01
4.8077106666108332e-01
-1.0601639426186747e-01
-9.3120611775034917e-02
-3.5155601643875722e-01
-2.0432310364099876e-01
4.3739706228971009e-01
-4.1005846916605866e-02
-2.4800672021911183e-01
3.6600319755419392e-01
-6.3366307157111362e-02
-1.7310041734535869e-01
2.3564801890132617e-01
1.0392135991411548e-01
1.3943557300691800e-01
1.8393209044532181e-02
-1.4764570394491122e-01
-3.1745947032024158e-02
4.5509509565614886e-01
7.1377979555777585e-02
1.3288783293498402e-01
-1.4001274800031907e-01
5.2802944617331982e-01
-1.3779547131088929e-01
-4.8498125015878923e-01
-1.9966716212212923e-01
3.5280733037047339e-02
1.7847548525377142e-02
1.0435828729260223e-01
-1.6958080557210702e-02
-2.9911612448076164e-03
1.7588939786268956e-01
1.2256710453307214e-01
-1.7258499518870599e-01
5.4593385206064889e-02
7.5142085734155400e-02
4.8625625956018471e-02
-1.4121449323284439e-02
-3.4524586859738321e-01
1.6987823428991261e-01
-4.5631247788652469e-02
1.3083226638188816e-01
-2.9289705372834457e-01
4.4293286195217446e-01
-2.6253811687381129e-01
4.2433646461905139e-01
-9.9577598144883969e-03
-1.4200951986466107e-01
-1.1148759320087986e-01
-1.5065960017379829e-01
1.3375304128308013e-02
-4.7539065273010012e-01
2.0660575140912560e-01
2.8189481576771223e-02
-1.9898158469810051e-01
5.5506599155681249e-02
-4.2753721302169777e-02
4.5165462149286691e-02
2.1996250017226204e-01
-7.3621021441475833e-03
2.7088620925447571e-01
1.2222101591891343e-01
-9.4683233254115026e-02
2.4488855649125188e-01
2.5515053922616604e-01
2.4169316979962194e-01
4.0397491838118423e-02
-1.4173862857674754e-01
-2.9269659630802847e-01
-3.6427003799894236e-01
-1.6255632372788490e-02
5.6418929811173281e-02
3.8793919916344712e-02
-1.9795171927258629e-01
-1.0221186594260682e-01
2.7446810698857085e-02
1.3480439841765687e-01
-2.9056409542909861e-01
-2.4496797970107570e-01
1.7256704528870176e-01
-6.0902158715270834e-02
-1.1728120871503415e-01
2.9749193689824139e-02
1.5001721306340601e-01
2.5172415881658727e-01
-2.9612944437657909e-02
-2.2487811447143191e-01
2.3849592475178771e-01
3.1799480003046998e-02
-2.0220709848842253e-01
-3.5010826460843969e-01
-7.5945437359715387e-02
2.9018458335409153e-01
-7.2683310707430421e-02
2.0399644588115501e-01
3.2973498031319337e-01
-1.2363744520326391e-02
-1.2180973341331712e-01
2.5808581604393793e-02
-8.9816383892892274e-02
1.3015169812526528e-01
-4.5954315237176857e-02
2.1773222290698130e-01
-2.5371194145657577e-01
2.0067944841873031e-01
-1.3800085128839773e-01
3.4526310824125306e-01
1.3912199333512104e-01
1.3428940758140698e-01
4.6997238018905388e-02
-2.5279680400455240e-01
1.3874602302825903e-01
-6.6983853101039756e-02
-5.2688738926706347e-01
3.6326045387814815e-01
-2.0499243165661759e-02
-5.5207432964999956e-02
1.5512142328934544e-02
-1.5217972972779292e-01
1.6773356678306248e-01
1.3466264174615961e-02
-1.6373088292744370e-01
-2.3114066597748273e-01
1.9343005826399004e-01
7.5294492061253201e-02
1.2055729604780892e-01
-1.5140466343419435e-02
7.6034804044104606e-02
1.1821264485680334e-01
-3.6976418945743367e-01
-1.3583110479725916e-01
2.2319868650151639e-01
-1.7691123573304912e-01
8.1136903608591424e-02
1.8162439986223722e-01
6.9019854472746084e-02
-1.1233730532148196e-01
-2.2726095288721754e-01
-1.2168924392320724e-01
-1.7510503660019291e-01
1.0082049562824065e-01
-1.8984479236010685e-01
-2.5940984736168418e-02
1.8904525539144901e-01
-1.6783751781041873e-04
-4.3262470919692694e-02
6.2739106097453395e-02
-1.1771004377356523e-01
2.3329374067331582e-01
4.4390338295590991e-02
1.9953791147599009e-01
-1.1769202509331225e-01
-3.0758765401505533e-01
-3.6686855464835005e-01
-3.4845714760794178e-03
-1.7259217938576488e-02
-4.1587181318218502e-01
-6.4308228258168967e-02
-2.5145203780181602e-01
3.5352890350206873e-01
-1.7556099735179509e-01
2.4020696996927515e-01
-2.7586655815062505e-01
1.6594481448824964e-03
-1.1571362729355304e-02
-7.3348993156162737e-02
9.7199859759926927e-02
-1.5232082920718390e-01
8.7888879846688597e-02
2.2911530540327474e-01
3.8984365151733383e-02
-7.3377931084033829e-02
-3.9117544979533225e-01
1.1852627104649996e-01
-2.3656534027700415e-01
2.4846024058229521e-01
1.3371841333750015e-01
-8.7183113420441577e-02
-2.9428796672232027e-01
-1.2902129839402837e-01
-3.2041311911753539e-01
-3.7921890020889798e-01
1.5980511861398511e-01
-3.1023596066451109e-01
-4.7116330790987225e-02
-4.5421031739138445e-01
-1.5853595834889928e-01
2.1050078801959630e-02
2.5356966289753733e-02
-2.8399563026300739e-01
-1.4578448811506919e-01
-2.1523052336348431e-01
5.3179012298996697e-01
-2.6337686858482595e-01
1.8146927643830604e-01
-8.1766268352524221e-02
-8.4103839337878003e-02
-2.7066795793058535e-01
1.9609047799541087e-02
-2.5741213497110392e-03
-7.3347198308502104e-01
-6.1193045570975457e-01
-2.3072912687280517e-01
-6.0833072189191917e-01
-1.1903750318036795e-01
-1.1559087045501122e-01
3.5696940245692081e-02
2.5429273916730072e-01
-2.2083110175275128e-01
1.1533873761405457e-01
-4.0186710524491152e-02
9.2008919069869771e-02
-3.1157312019482652e-01
2.2148897126899217e-01
8.9979423193579169e-02
2.6065257330711893e-02
-2.0265606441868492e-02
-3.8985147171807699e-01
4.6085698375685297e-02
-1.0041964833712853e-01
-2.7207988802755539e-01
3.7914854173916053e-02
-2.7043524013323889e-01
-1.8388711253297269e-01
-1.3552158996668587e-01
-1.7925703955251546e-01
-7.9490984743940507e-02
5.5374020364143815e-02
1.4810683916582049e-01
8.6931473352719155e-02
6.5727963234178469e-02
-1.2212121587080103e-01
-1.3812696210483216e-01
2.7137959391319977e-01
-5.8657565170064729e-01
4.0944336739615887e-02
1.4266192707046907e-01
1.5552546974289430e-01
2.0652589626489598e-01
-1.4011347111919820e-01
1.4299028412072209e-01
-3.9809341415641339e-02
-2.6184669994047310e-01
-3.9550220847665118e-01
-3.4556916977849149e-02
-1.1967211620890573e-01
2.0024758079208844e-02
-1.6062394938871491e-01
1.3456971458470263e-01
-2.9281297142324847e-01
-3.6836685127729793e-02
2.8810175396010373e-01
1.3923640314532393e-01
1.5937883525028787e-01
1.7363919640707665e-01
1.2035470156936619e-01
-1.3532678110509405e-01
3.1577363709159911e-01
2.2500014964681289e-01
1.2844040107339169e-01
4.5032691211175993e-02
-1.4494584915660397e-01
2.4546899920819078e-02
-1.0428391009194375e-01
2.3213108250080913e-01
-2.4201023740833205e-01
-1.3047343780137802e-01
-3.4380061676195539e-01
2.2951368419370549e-01
-3.1227868115098371e-02
3.0991696817497033e-01
-3.3363868030941303e-02
-9.5238978974068203e-02
-3.9174795870946155e-01
-3.5168092919987237e-01
-5.8357865392697938e-02
5.8326225092063817e-02
-6.7185940689279966e-02
7.8872441839512739e-02
-4.1384850864363160e-01
-6.6915881244396361e-02
1.6018179058536428e-01
-2.1262853523660324e-01
-1.2172060997951029e-01
-4.6432573394286769e-01
1.3195587748145132e-01
-6.5159078665677855e-02
-3.5164315467150098e-02
-8.1088572522315508e-02
-3.0570135365199466e-02
1.0804213426316139e-02
6.2303011870226610e-01
-4.5841733937973572e-01
-2.9250858139339747e-01
-4.1447312774704431e-01
2.2456336317524467e-01
1.3987901446024536e-02
-2.5843069961638337e-01
3.1002393671443390e-01
-2.1253467626642150e-01
-2.4271098971374910e-01
2.3875992966331402e-01
-1.8710751356148891e-01
4.3378438750745085e-01
-1.2593089127693410e-01
3.3146179935372472e-01
2.8806336601703736e-01
1.5915288172917114e-01
8.1879142427448065e-02
-2.6799347820834157e-01
4.3148949548660470e-01
-1.9359360371224765e-01
-5.4013035730276859e-01
1.7761593994106090e-01
2.1275769055857968e-01
3.9198654728118987e-01
1.5995360256281047e-01
2.7205496351618619e-01
-2.0151370424454426e-01
-2.6141204978705318e-01
-4.1189434142908954e-01
3.7086348455309165e-01
-1.6594772150265488e-01
-3.8061835154146550e-01
2.2022055403247290e-01
5.3418575963592663e-01
-7.3797813295340728e-02
6.3628752976441783e-01
5.8799410482360415e-01
1.6400435090831764e-01
3.2224143183889026e-01
3.2466464498606057e-01
3.2123043079524810e-01
6.3871102264374049e-02
-4.0088308657957283e-01
-1.3683847165965513e-01
1.0070689576720214e-01
4.4540520286010271e-01
-2.1570363717518862e-01
9.6231587845398883e-02
-3.4479655674763837e-01
-2.6644357644119321e-01
-1.1229251248104215e-01
4.4079180738384333e-01
2.9282297278699893e-01
-3.8193370751760547e-02
-1.1975150698150253e-01
2.4700839838145863e-01
-8.4477614354747668e-02
1.6961118587473645e-01
3.1582400922720827e-01
-8.2512594216307966e-03
-4.4246381211399080e-02
-2.1978257033969303e-01
1.2866644861134616e-01
-3.9130278316070810e-01
-7.5627903290474224e-02
-4.5888026916719810e-01
3.3150642557670013e-01
-1.0427823267870312e-01
7.6828960493911760e-02
2.3362181735771567e-01
-5.0819019759179473e-01
1.2982734902733867e-01
1.7486551533795763e-01
9.5472332506690516e-02
-2.0690726892137840e-01
1.5061282994520431e-01
4.4660650894994783e-02
-3.9280672252659882e-02
3.8373058459828863e-01
4.7919565411327031e-01
6.7626289928615663e-02
-3.8009760618469063e-01
-2.0263568491739081e-01
3.2748147093615376e-01
1.1406827961563733e-01
1.4784728878777650e-01
6.8995168095603598e-01
1.5506121724256344e-01
2.3988431561893220e-01
-7.7127736156245796e-02
-2.0799083394760767e-01
-1.4780832925073016e-03
-1.0135431361705667e-01
-2.1982030717367246e-01
-3.9448194985556223e-01
7.6795758300448755e-02
-1.6639392593919200e-01
1.8605646575774903e-01
-9.0201462162193505e-02
2.6958062915774483e-01
-5.9947135534031271e-01
8.3864722986200110e-02
-9.8177729857535007e-02
8.6639034626451658e-02
2.3988633746115356e-01
1.8695592220622012e-01
2.1484944213708795e-01
2.0359960262852317e-01
-2.2673136201643046e-01
4.1808392979560355e-01
-7.2099901390122012e-01
2.1126267289515438e-01
9.7163649831476823e-02
-3.7020516226813460e-01
1.8083831311727314e-01
3.4473633112067070e-01
-1.1934546187413526e-01
5.3992120928217435e-01
6.2549852729178279e-01
1.1240128342318284e-01
5.6303020116804048e-01
3.9758759710361141e-01
-2.7553776957013737e-01
2.7494497682110342e-01
1.7808418516067218e-01
-1.3719741630078911e-02
-1.5727665670109570e-01
2.7748934905771672e-02
1.3146352594596214e-01
6.0823166278547103e-01
6.7335589120142070e-01
-9.4139627056312999e-02
2.3708121231014637e-01
2.3880082667508681e-01
-2.6269933942939228e-01
3.5672085792403302e-01
-1.8316890289168983e-01
2.3890060038126468e-01
4.3188838352226733e-01
-2.2325026472861151e-01
2.5200386502139871e-01
-7.2902084252278496e-02
4.4324992791669321e-01
4.0164358484869622e-01
-2.9747741679445661e-01
-3.3519346078369655e-01
4.0389905585139863e-01
-3.6382955574549875e-01
-4.6269821111802234e-01
5.2848565126305279e-02
3.5478257629182344e-02
-2.3668496429547717e-01
2.3356525226452901e-02
-1.3401447647933737e-01
-5.7786682835473668e-02
-5.4075225173655384e-01
-2.5342641350125233e-01
5.2526855440825193e-01
8.1059257641330984e-02
2.7950871894489502e-02
4.1079614941581105e-01
4.6497727676915950e-04
-2.0299448150234223e-01
3.0417801166638572e-02
-4.8305178815593153e-01
1.5858354400253408e-02
8.4947497705852679e-02
5.8067508452688243e-01
1.7334861331976931e-01
9.4295610529391727e-02
5.5837360264326390e-02
-5.5647548439487507e-02
7.1631219122401349e-02
-2.6972878905990899e-01
1.9059156539208041e-01
-9.5540796867926270e-02
-1.8369941267145462e-01
-6.6803923451181124e-01
-2.3945534495346279e-02
-2.2734484155369244e-01
-1.9481322211994215e-01
-3.6689254352119738e-01
-4.5303091294087695e-02
-2.7105093768002131e-01
2.4706278945236515e-01
-3.6942628071617817e-01
-4.2424813397240513e-01
1.4077145853222549e-02
-1.4550499940144465e-01
8.3705106620675129e-01
4.1130756810446939e-01
3.4867816325894663e-01
2.9175391746967411e-01
-3.4840619258441519e-01
2.9095811585706755e-01
-2.5138674539960876e-01
-3.2253761207697629e-01
3.4323812276650079e-01
4.2413076580605463e-01
-9.5524879404879096e-02
-1.5198330889105797e-02
-4.0559371733521515e-01
1.8682843388350821e-02
-3.1695878823273482e-01
2.0129112189562481e-01
-1.9246868495497027e-01
-1.5203477300707333e-01
-3.4624923128180607e-03
6.2557403587487337e-01
-1.0324728844594423e-01
1.4205777221138141e-01
-2.3763958044489453e-01
7.0927675281888786e-02
1.7086391621289496e-01
1.7791026367213114e-01
8.3572088550442920e-03
3.7437970261943544e-02
-1.7386557441171502e-01
2.2512849022967629e-01
2.2501033166526255e-01
2.0850108113362717e-01
8.9786816695316005e-02
-6.6285727068115058e-02
4.1858492453937990e-01
2.7504367731178558e-01
4.9889413465816573e-02
6.1242681868532201e-01
4.3024467258509724e-01
-6.3457959849515314e-02
-4.6410814388211610e-02
-2.0572917891041376e-01
-1.4768598232310726e-01
-4.3492194741883700e-01
3.3089977593608814e-02
-1.9690588252702920e-02
-2.9898551471436574e-01
-1.6518190383383627e-01
-5.9505488450949419e-03
2.2682093655324939e-01
-6.3817109021653139e-04
1.8549744585402617e-01
1.7730942942002614e-01
-1.8463989043178769e-01
-4.6235341475297986e-01
-1.7696837411602681e-01
4.1905866097196480e-02
-3.1076289567406008e-02
-3.3112626173067272e-01
2.3212034637324498e-02
1.5011176821222941e-01
-5.4363865069761963e-01
-2.2999233533450800e-01
-2.9320501399303867e-01
4.9967388499874921e-01
-2.9340095375783504e-01
-5.9619335053756176e-02
-2.1375952964897244e-01
4.0797549955436513e-01
-6.0394483357023276e-01
-1.0603311691392449e-01
-7.0802087807506242e-02
-2.7858920196823889e-01
6.8882601333262863e-02
1.3137978681555204e-01
1.8564449757974880e-01
9.4792128267743012e-02
4.0902855372758634e-01
3.5411962017297527e-01
-8.0524581491649483e-02
3.9612317396122226e-01
2.0921307198595077e-01
-4.2664418261939056e-02
3.2930746393360294e-01
-2.1919309334519926e-01
-5.5610340656059265e-01
2.9345725230822911e-01
-1.9447917174783269e-01
4.7792537621542480e-02
2.8763572876571880e-01
-1.6940574806693209e-01
3.0280999557286206e-02
-7.0035109666371193e-02
-1.7517198453835336e-01
1.1763369531906380e-01
2.9984483656147176e-01
-3.1792788028185825e-01
2.5873814458643218e-01
-1.4125572944719958e-01
-3.4286863332642512e-02
-3.7357501557412642e-01
6.8204107479056764e-01
-7.0061271482784099e-02
-3.3408607438847056e-02
-4.9233578426289121e-01
-2.4691162536118502e-01
6.8002675955196337e-02
-7.8130591721477807e-02
2.4958716997299085e-01
-5.1819050406448054e-02
1.5200122163599103e-01
8.3799908757534680e-02
-7.7843759519672893e-03
5.0035449042919358e-02
-2.0305820767378782e-01
-3.1734484392529438e-01
2.1307023726482305e-01
1.8143144562303362e-01
5.0829733716893777e-01
-2.0661118930269620e-01
-1.9510247062226815e-01
-7.5955830700763310e-02
-3.6729783055721443e-03
4.9692375417042668e-02
7.9765648916010601e-01
-1.4033447981117061e-01
-2.5522587757974424e-01
-3.2814107886618554e-01
2.0274880325993758e-01
-2.7691579446760300e-01
-1.3206994324329235e-01
2.4186913265097656e-01
5.1663203616014237e-02
-7.7892068972262196e-01
5.2038003933876131e-01
-1.5642471457807527e-01
3.2696810018269701e-01
-1.7947691554284029e-01
4.9601346812711916e-02
5.3654033674265178e-01
2.6436812689403055e-01
-2.5331013432504118e-01
1.7234030241253834e-01
2.0701977663479668e-01
1.2329795967383277e-01
-9.1880683980111719e-02
-1.8857294852942998e-02
-3.0260729552822418e-01
-4.1054251975997008e-01
-1.2899691149047901e-01
-4.8248440875771637e-01
-2.1240800583539726e-01
1.6174954475878231e-01
-1.8965805872800340e-01
2.0134479635781383e-01
1.1632518613140794e-01
1.5367551068203936e-01
-1.9533209860375711e-01
-7.5691312901948249e-02
-3.0443070187731686e-01
-6.9480676102648881e-02
-3.6324508822809565e-01
-2.1543415317160378e-01
2.0818928220345343e-02
-2.8289814582969403e-01
-8.9208749372395937e-02
-4.7367195192279499e-01
-7.4563647994266208e-02
7.6481209194282571e-02
3.6352006100389966e-01
-3.9697319197373243e-01
-2.1951774929356366e-01
5.2051307891533416e-01
-2.8211416514302270e-02
-5.9459859025584105e-01
2.8323758131023793e-02
-1.5908616039127396e-01
-3.6565419850824682e-01
5.0507343466630633e-02
-4.5084680688759350e-02
-2.5717046536581417e-01
-8.3208154421527292e-02
1.0866431474421455e-01
2.0979192621235759e-01
1.7416649740049492e-01
3.3546296554099364e-01
1.6480432397595074e-01
4.2422759365809143e-01
-2.7013189767190626e-01
-5.0626745449530008e-01
-4.0527056376406045e-01
2.2371871152879988e-01
-1.8703779519688132e-01
3.2270593880406551e-01
3.3949673000470998e-01
5.9970323329913929e-02
-2.1849063773727267e-01
7.2809026990834132e-03
3.7796249491394561e-02
3.4042812890601482e-01
-3.3184599266286197e-01
-4.2647901674428024e-01
-3.5162469047841233e-02
4.9543247665865778e-02
-1.0354403356290835e-01
-1.5957980118420815e-02
3.6353134878534510e-01
-5.2214448736509940e-02
-2.5123581998048228e-01
-3.3669163499647831e-01
-6.0032123253187186e-01
-1.9363565461691054e-01
-4.0276808038332673e-01
-1.1363274985377754e-01
1.7731300795482480e-01
-1.9945483668436964e-01
2.8781486803120232e-01
4.8322130074899600e-01
5.7787854849572690e-02
-3.0356027326769175e-02
-2.4506316447992617e-03
4.9401243986276105e-01
1.1426539513633485e-01
4.8105428450538577e-02
-3.2751375969751417e-01
-1.0633875437251818e-01
2.5932941691742312e-01
2.0904059907504516e-01
-2.8351295680301258e-01
-5.0336200418385152e-03
-1.5095813525404067e-01
-2.2310685353964008e-02
1.1636977706994457e-01
-1.2987657474582387e-01
2.1529923463816633e-01
-3.4455355766816642e-01
2.5816369579256465e-01
-3.0635073280434910e-01
3.3094713854660299e-02
2.9002967235583582e-01
1.8116187259934341e-01
-1.8773216850734128e-01
-1.4383789042040121e-01
-3.9629979531106080e-01
-5.1535232014000210e-01
6.4891419501391698e-02
-1.4078622819072106e-01
-2.1092818178071147e-02
3.0270270908828301e-01
-4.9822496846248043e-01
-8.1932413638634322e-02
-9.6216325171300493e-02
1.7394073844131674e-01
4.1517535070983221e-02
-8.8329816425989083e-02
-4.9230635294644154e-01
-4.0916511758776469e-01
1.4013201490836674e-01
-2.1357143996655995e-01
2.5487640099466019e-01
6.4579842203267873e-02
-1.5150859594794883e-01
3.0149807212326157e-01
-2.8210734383521296e-01
2.8041004149792211e-02
2.6164801268716831e-01
3.0348433760828353e-02
2.3282152724975996e-02
-1.5237613995243110e-01
-1.6640960721022144e-01
9.7745636688262749e-02
3.5604949803507080e-01
-3.9179338154917015e-01
1.2833026489944185e-01
2.4502317013326633e-01
2.9723872634322464e-02
1.6954944379113318e-01
-1.1416046109082914e-01
2.5595548493240672e-01
4.8706076723685870e-01
-3.9017658167879568e-02
1.5510185531426826e-01
9.8844133593809683e-02
-4.5700024009506790e-01
1.1412173101126305e-01
-1.2535664603258858e-02
-1.5545377966390514e-01
-3.7840092785828963e-02
9.5214844036287188e-02
-3.4420835507542606e-03
2.5542308383947521e-01
5.3899577394543111e-03
-1.3297200421891273e-01
-1.0722200941106159e-02
2.6872055197826850e-01
-1.8100210468104841e-01
-7.6623684141109927e-02
-2.5616165263835144e-01
-1.4190572136305732e-01
9.0419731637692898e-03
1.2665310315691777e-01
2.2969268434683590e-01
1.2614352067567869e-01
3.7556227823476718e-01
5.0162535269362957e-02
1.5800223872274996e-01
3.9826423778839062e-02
2.6347369233132506e-01
-4.9293282926891419e-01
2.1636995589504590e-01
-2.7401501267016060e-01
2.8932283513714530e-01
2.4403344549035427e-01
5.6511003381838641e-02
3.3232214495603624e-02
-3.9466011777100030e-01
-1.1317054538925844e-01
-1.8359228837017080e-01
-3.3313062642821673e-01
7.4761622821004681e-02
-3.2355674776589752e-02
3.4093726101726973e-01
-3.2821686634115547e-02
1.7665867805014737e-01
-1.1856269330844137e-01
2.1592107076499362e-01
-2.3923556447269106e-02
4.1481178624259524e-01
6.4436020368211888e-02
3.9293300868024023e-01
3.5028239454135462e-01
-1.2722908288362911e-01
-1.7553608123784947e-01
-1.9397169564416922e-01
-1.7456579502199605e-02
1.5520710439678956e-01
-6.6228249115237559e-02
2.2257383886156135e-01
1.4028628810744556e-01
3.2277286254331566e-01
-5.7101691049601264e-02
-1.5400318115631170e-01
2.1338915588719376e-01
1.4802374134967042e-01
-2.1149830468872821e-01
1.1285322912723675e-01
-1.4934902652822650e-02
3.5981653963166377e-01
3.7970041528074616e-01
3.1867084244032684e-01
8.0388120707072602e-02
1.6095567528542226e-01
4.7592555839992873e-01
2.0881079871404576e-01
1.3580887893444998e-01
3.8769828125108291e-01
-8.4567019221043482e-02
-2.6198762749223931e-01
1.7920265793992246e-01
4.6285662933388212e-02
5.3905738327943387e-01
-1.0571155097476527e-01
-1.6480539584125298e-01
-1.1152335647203877e-01
1.2009719637068674e-02
1.0064863661465986e-01
9.0298987053032367e-02
-1.0366391714484255e-01
2.9470418943326543e-01
8.9843951875371766e-02
-3.3609560024762175e-01
3.9182852491986481e-01
1.9364912917892407e-01
4.1171157838158295e-01
5.4581866561734457e-02
-7.9605551507394387e-02
-2.4725670810106953e-01
2.0956538236693439e-01
-4.0314456213388167e-01
-1.5813777584581315e-02
-5.7782847231632205e-02
2.6900530363871328e-01
-4.3166888520332053e-01
-1.6326658459553664e-01
-2.2478624525290264e-01
-4.3136446011081249e-02
-9.7471329992794828e-02
-1.3624544017751053e-01
3.9226418250716538e-01
8.8868350685967157e-02
1.9677105359912303e-01
1.1235804877668516e-01
-6.5778248259436442e-02
2.0046119064999746e-01
1.7794580805129562e-01
2.7600070433609878e-02
-2.2597776277508758e-01
-2.0241285852014637e-01
2.8478840973365893e-01
7.3005661742211264e-02
1.5167775345625384e-01
-1.9908664643077656e-01
5.2370727193411189e-02
-1.0096314734114475e-01
-2.0059726418852090e-03
2.0735075037009240e-01
-1.1492376123556947e-01
-8.1664708966883132e-02
-3.2564617697334963e-01
1.7496687125485508e-01
-1.4220368396043095e-01
1.4450270905247972e-02
-9.8065136160376432e-02
-2.7871653624168036e-01
1.1419648591415583e-01
2.5250646059847585e-03
6.8116470758094780e-02
-2.5694411794067606e-01
-1.7201447694710145e-01
4.6298850810897595e-02
3.0743632401471233e-01
8.0688316030109772e-02
4.3037609061936777e-01
2.9955669651813793e-01
1.2348922316505855e-02
3.6953622438559086e-01
-2.0427626540001600e-01
-4.5425486982419849e-01
-1.0804175966700533e-01
5.7932323081668000e-02
-3.4396946467261913e-01
1.5612094492990053e-01
-4.2504605651957772e-01
1.5776155156442281e-01
-3.3227576213392290e-01
-2.1073271672248428e-01
-2.1898259110341836e-02
-2.6776387766175602e-01
5.3145384158294873e-01
2.4045131237811926e-01
3.7558227172874416e-02
3.4024352974208910e-01
-2.3003593560706692e-01
-2.1852148095716400e-01
-1.3879645644225350e-01
4.1911657664787133e-01
-3.0070557869996534e-01
1.2516736118063390e-01
1.2471839294303755e-01
1.0940124208724110e-01
8.3674886796677783e-02
4.2011815849301498e-02
1.7260900837428197e-01
-1.7771071652092293e-03
3.3750844476323455e-01
-5.0587995615343585e-02
3.6745276540265470e-01
2.7755637688840776e-02
-3.1214227950208340e-01
2.6357481063743776e-01
-3.1438466356074229e-01
-9.3785124739963477e-02
4.0242587133300545e-01
-2.6793308841792290e-01
1.9866787710505235e-01
3.0733528183543313e-01
3.4399104375535250e-01
-3.3790062554849282e-01
2.0071458482767646e-01
-1.6716421182071794e-03
-3.2466827587115299e-01
1.7794598415878971e-01
-6.1269206490009666e-04
-3.3408033716233375e-02
-1.4183058298359347e-01
1.3085497959994533e-01
-1.7533476074985124e-01
1.5686538939728342e-01
-1.2237368789206593e-01
4.3950109989057723e-01
4.3729956750565950e-02
1.8052762406357014e-02
6.0901688945672820e-02
-7.7752117610775037e-02
-2.6686260495975878e-01
-5.4535905448389932e-02
-2.5303505888917655e-01
8.7510152235684494e-02
8.3736073344299958e-02
-3.1284123357548910e-01
-2.6595755831386853e-01
-1.0706098787874985e-02
3.3401609848095565e-02
2.0002168470308951e-01
-3.7474763439149385e-02
3.4366811555422289e-01
7.5617651865604027e-02
-3.9552372905350033e-02
-2.4471273042845434e-01
4.7583183593027718e-02
7.5686563352531221e-03
4.8247683478723291e-01
-4.5750329651533951e-02
2.8885075087276391e-01
-2.0161696565021869e-01
8.2913247981252811e-02
1.6563084952046461e-01
9.7956676566672590e-02
7.5200952831443735e-02
2.1471944861180869e-01
-4.1225256520747222e-01
-3.0960179256643926e-02
-2.2355909130348345e-01
-1.3731863269220609e-01
-3.3317630943495097e-01
2.6703493711395554e-01
4.7773690495843221e-02
-1.6875344623348038e-01
4.4251225260591520e-01
2.7139745347307707e-02
-1.0769350012909366e-01
-2.7418545238413733e-01
-9.9810681609246582e-03
1.5449904223771296e-01
-9.7429605554221019e-02
2.9950504568660136e-01
1.0034667493139127e-01
-8.5740087419338806e-02
4.6122468055838590e-02
-2.1111742862122759e-01
-3.5117698810931502e-01
1.1244132093927110e-01
1.1386313767677463e-01
-8.3037154174790559e-02
9.6108245753162555e-02
-3.7138754118084594e-01
-1.7562955371832145e-01
3.6316178164870414e-02
-1.6870792701204021e-01
-1.1415406292389479e-01
-8.1830902887191470e-02
2.2805298305858400e-03
1.7276320720467525e-01
2.0200706306583893e-01
1.6736524569787045e-01
1.6415095394097176e-01
-1.9833909312456213e-01
-2.0086535817644627e-01
9.3469870001222088e-02
-4.0603653477655383e-01
6.2431529745422765e-01
-7.0476369711168629e-01
5.9142736450288591e-01
9.9165875715873777e-02
2.8583049703113378e-01
-2.1617097624825468e-01
-3.3251497320705932e-02
1.1267362129275628e-02
5.6894216744330628e-01
5.3870233042590676e-01
5.3840428261972086e-02
3.0011346104239817e-01
2.9511924103926421e-02
-3.9502026309365507e-01
5.5727643585933651e-01
1.9391629710362920e-01
3.3425827977671040e-02
8.9335021487407962e-02
-1.3468997856995488e-01
1.0810784570918396e-01
1.6329772961443398e-01
6.1463043691702612e-01
-2.5098192572081612e-01
-6.2881352211555802e-02
1.2250327293581034e-01
-2.4136665848755320e-01
5.4722432936078691e-01
1.1042458029730615e-01
1.2175575690956866e-01
2.8711047033163251e-01
-5.3939335823765852e-02
-1.7477784995840651e-01
1.7712108948573682e-01
4.5172693074839976e-01
1.8858206304449293e-01
-1.9323761497984593e-01
5.4002322399320762e-02
5.5428753161834965e-01
-6.4461045588272731e-02
-7.6354594994329417e-01
-1.0081727577957504e-01
-1.5132479568149085e-01
3.7093965356505593e-01
-2.7643113329447456e-02
-3.5991724291238475e-01
-3.0662837096159962e-01
-9.4905136236492743e-02
-3.4950800301412799e-01
3.7650054946344963e-01
-3.7908060477073202e-01
-7.7920870980999783e-03
6.1013650243244255e-01
-7.8280696112504843e-03
-8.7833564190816005e-02
1.8948247828755876e-01
-1.9178303342552111e-01
1.7838969928570000e-01
-1.0686566232959439e-01
-3.1475793824752824e-02
-2.7230250086774443e-01
4.2791569150826869e-01
1.4418332950680221e-01
8.9918288712980327e-02
6.7160584401184942e-02
-2.5885912614141704e-01
2.0863058008226168e-01
-3.1224816527543754e-02
2.7498792996757992e-01
-5.3710405169920805e-01
-8.7996989929313749e-02
-1.5485717761609807e-01
1.0401749596661214e-01
-1.9753444514191509e-01
1.2754974313563407e-02
1.0244523965357957e-02
1.4986272326522190e-01
-2.9416589530776738e-01
-2.5044388893188668e-01
-6.9372093010307487e-02
2.0126208793692235e-01
4.7322045831362208e-01
3.3300637748498119e-01
2.1196157381003292e-02
-2.9937818440318686e-02
-8.3459135789203470e-02
-2.2535848545558884e-01
2.7994632673790282e-01
-5.3121827709270680e-02
2.7766389549826193e-01
4.9779599874175996e-02
-2.7585884235860975e-01
2.5701568258533070e-01
-2.1149636708262540e-01
-2.0108324224540083e-01
-1.0205464626989758e-01
8.8860718992510856e-02
2.4288770137095819e-01
-8.0269082199657379e-02
-2.3800535467033634e-01
-5.3852300279702281e-01
2.1834834879246112e-01
-4.9498130334312766e-02
1.4665476964720356e-01
-2.8931150102384784e-01
3.3215250784922101e-01
1.5151310807338872e-01
-1.6057486598107498e-01
1.3042530240240685e-01
6.7555744124475559e-01
-1.9366628604134448e-01
1.2860097665172271e-01
-4.7607350960573119e-01
3.7920349650956742e-01
1.0966104787291732e-01
-5.5809400363494011e-01
-2.3455039946285205e-01
1.4738242610780600e-01
-4.8872630824157486e-02
-1.0350504478052189e-03
-3.5066739740299044e-02
3.2199835198205551e-01
-6.1695580929389197e-02
6.7324411546273485e-02
2.2187549826052569e-01
1.3463750698407373e-01
3.5403509766208857e-01
-1.4194444642925985e-01
-2.3908154839265422e-01
-2.2059799232429553e-02
-2.5086391367347388e-02
1.6542258102194302e-02
-1.3321612414531506e-01
4.0367099301804249e-01
-4.7958489550866540e-02
1.1935256772464471e-01
-2.1040033947394168e-01
3.3727754475791255e-01
2.9955801803514720e-01
2.6597474782113956e-02
7.7632760877645909e-02
1.1060441335523008e-01
2.6147306207620780e-01
1.8295768231668669e-01
-2.6445213385206395e-01
-2.6942533127360907e-01
1.2973388751554005e-01
2.1677151509708817e-01
-4.9385848908816010e-01
-9.9452437600832527e-02
1.7568245722661149e-01
-1.4062344653605474e-01
2.3642410986020779e-01
1.3594894530204452e-01
2.5709434385233602e-02
-1.7261484470327021e-03
3.0094422438316265e-01
2.7812775282219654e-01
-1.1160349507882861e-01
1.8010234766288311e-01
-1.4232265421080631e-01
-1.6794553396459393e-02
-3.0220178209127291e-01
-4.5799659546640314e-01
1.2370098417295601e-01
2.0424371704449351e-01
3.4513057371297712e-01
-1.4232235903934198e-01
1.2943860822118600e-01
-2.1233274242686961e-01
-2.4014157495436542e-01
1.4517412123781698e-01
3.2280566039063707e-01
3.6798472582952341e-01
-2.0430583792655033e-01
-3.8160776362934500e-03
2.6852536469787575e-01
3.2785802783241214e-01
1.4809204794341643e-01
-3.4421620185399726e-01
1.6080538780296177e-01
-1.3710959579910936e-01
-7.5357225002446390e-03
-4.6250182027405849e-02
-1.1064432828298641e-02
4.4575498842776951e-01
3.8708058951542762e-01
2.2018571574946863e-01
3.3681966767870380e-01
1.5417189017159192e-02
-3.3144810306396939e-02
4.2649472209632044e-01
-3.8831090428219486e-02
-5.7537092764958175e-01
-1.4638267964345739e-01
-2.3490007188440620e-01
-2.3979968890934530e-01
-1.0305023922183647e-01
-1.6749258156195793e-01
1.0384134222221770e-02
2.7739846518528127e-01
4.0919585332594155e-01
-3.4607987602072404e-01
5.3751104264509360e-02
-1.4102014326124940e-01
-6.9160718259553056e-01
2.7777434052752797e-01
2.6005594462234655e-01
-9.3648007888371437e-02
-1.3979278933032152e-01
3.2743869890597591e-02
1.9737210080062889e-01
-1.7328352904156683e-01
-3.1576151594417734e-01
2.5242236093520759e-01
-8.6311559349040434e-01
7.8688865573743855e-02
-1.2146308397479737e-01
2.2162341957499290e-01
-3.0895244393532029e-01
-8.8584165695060807e-02
-3.2754751137820465e-01
1.1368329689957989e-01
-1.7557427666655689e-01
-8.5307314142263280e-02
1.1691842539884502e-01
5.0830024341916146e-03
-3.0525246822932750e-01
-1.2076254751280460e-01
2.8108691933366814e-01
4.3224342335382371e-01
4.2218938442818571e-01
2.2791729586010584e-01
1.2324456992045266e-01
4.2665651633872193e-01
-4.7190998168305548e-01
-6.5351922939925325e-02
-2.1150878725109187e-01
-1.9652262584140978e-01
1.4961591592521326e-01
1.0159929178066936e-01
1.0341684053838211e-01
4.5073531354016899e-01
3.8641478660265099e-02
-2.8745256261631613e-01
1.8658328931254892e-01
3.6548299677855428e-01
-2.0073314700155644e-02
-2.5160791032048480e-01
-3.6996168562010445e-01
1.9877357040822666e-01
3.0447741939765127e-01
3.1157988070954469e-02
-3.1342528250093094e-01
3.9493453001704476e-01
6.7812754740945872e-03
1.8182856197858815e-01
-4.3217600011997467e-02
4.5321805048297109e-01
1.9855791108105239e-01
1.9683663913870156e-01
-2.6836905864320348e-01
-1.8497015520093485e-01
3.2443874334391165e-01
2.5291801010009492e-03
-1.2687937464936805e-01
-3.3337449261707330e-01
-2.2019784098570347e-01
-7.8441258958950169e-02
1.4595011172946690e-01
1.7331053055831613e-01
-5.3561368383986861e-02
5.6365919162798393e-02
1.8367741945520266e-01
-1.0669359614843860e-01
-3.7721780413820888e-01
-2.0980915785564758e-01
-1.1427110903226392e-01
-1.3755767798951851e-01
1.8843313993028230e-01
-2.6936343869756002e-01
3.7756816747871896e-01
1.6637307676015987e-02
1.5161947080994900e-01
4.7422699845642347e-01
-1.5889125691825035e-01
2.4126577857507819e-01
-6.5684590671365436e-02
-2.4342758398627917e-01
1.6871256385788763e-01
-1.9270982114869314e-01
2.9917376914019472e-01
2.3921662609577019e-01
3.8434446464755306e-01
4.0535046399521307e-01
-2.5318769370340932e-01
1.3723263703580485e-01
-8.9307765641254511e-01
2.2299224500274106e-02
-6.1610520780692263e-02
-1.3679929871643542e-01
-8.3356303726788067e-02
-5.5999465529857750e-01
-2.0982916708130991e-01
5.0467880410536459e-01
-1.7455564383388134e-01
1.0014021271630776e-01
9.3096635495263771e-02
3.3823677026751048e-01
-8.4711306173305745e-02
-2.8139605069237811e-01
6.1471238830410536e-02
5.9567071223055948e-03
1.2044939304593561e-02
2.7776218344268405e-01
-3.7377738703049868e-01
-1.0102856897304589e-01
-1.1179164458146987e-01
-2.7281679388732155e-01
-2.0799003010686606e-01
-8.0624026703771973e-02
-5.2684710963750592e-01
-5.5766242511144544e-02
7.4027967516731033e-02
3.5174319579707243e-02
1.3679453859213248e-01
-3.2956513506180635e-01
-9.7559811388805567e-02
-3.7124776159148326e-01
1.3149551815418411e-03
2.1449093401091457e-01
3.4252328744152222e-01
-6.8827963957936496e-03
-2.1162774683605831e-01
1.3243207511503882e-01
1.3017957281723630e-01
-1.2585298808534784e-01
5.1370932725410705e-02
3.0225565948274219e-01
1.9057974372122968e-01
-1.5184792079480813e-01
-2.3462264479043785e-01
8.9700662377188725e-02
-2.2364975106172705e-01
2.1164058314599549e-01
6.4718241774750412e-02
1.5383446319539074e-01
-2.5305423714450098e-01
-1.6403379985101843e-01
4.0003099115179153e-01
-3.1620682242658399e-01
-7.7166750689705091e-02
-5.0804018472042883e-02
-1.4778316046940201e-01
7.4049157654786812e-02
-9.8045456822174332e-02
1.1698108081179580e-01
-3.7105844299976060e-01
3.9768504092006202e-01
-3.4253623259649972e-02
1.7778434084053765e-01
2.4175594745864817e-01
5.1594250080973764e-02
-1.3665086541553106e-01
2.4051222577406317e-01
-9.9869062305188272e-02
-4.0306732587735200e-01
-4.2020485738234581e-01
5.3930610550867305e-03
-1.1309108484242898e-01
2.4559146178826613e-01
-1.7888306338584528e-01
-2.5404388922471210e-01
3.4625398938155943e-01
-5.2649684337875635e-01
9.5190427055813723e-02
3.5920427107043751e-01
7.5356806929881337e-02
-1.5603990008721880e-01
1.6940348375520414e-01
-4.3919346741428794e-01
1.0504417447639416e-01
-1.5476824678843837e-01
-1.2089198103522841e-01
1.9135829641915322e-01
5.1988392878761416e-03
-4.5521915520526299e-02
-5.7324591203259459e-02
-2.4063457610230754e-01
3.9612440732911225e-01
-6.1971140656033964e-02
2.5738752470462212e-01
-3.4213971096479245e-01
-1.8339435888228470e-01
-1.0260645062481785e-01
-1.5383123570126489e-01
-1.2108523088639614e-01
-1.5214560502693950e-01
-1.5837600544931221e-01
-5.9389160805365840e-02
-6.3130158054468644e-02
-1.8228665753592918e-01
-2.5256973066218286e-01
2.9691905842858318e-01
8.7517837461124903e-02
1.7769102922399338e-01
4.3234278807136053e-02
-9.9674950802093425e-03
-2.9578101573055143e-01
-4.1409358653493114e-02
-4.2556859764642013e-01
3.1336744028240460e-01
8.3981203688589495e-02
-2.8680936968628751e-01
6.5842853616970010e-01
-2.8117401715821846e-02
-7.5091224302208648e-01
1.1230405249796861e-01
-8.5136208266636912e-02
4.8544800720295972e-01
1.4615173064918369e-01
2.7649426060052107e-01
4.7560433401681884e-01
4.8979605377421853e-01
3.2847521355646025e-01
9.2348068801701766e-02
-2.9052876768274560e-01
2.1167988633437679e-01
-3.2543647174872514e-01
1.6441421248580157e-01
6.8441678319885223e-03
1.2237142786391350e-01
-5.5585568440363131e-01
7.5046231325255341e-02
1.1263760848683647e-01
-7.4462384142993249e-02
-1.5499564404765120e-01
6.9967250969604200e-01
-2.6371718749294327e-04
-1.4652011562229031e-01
-5.8222759411473202e-01
2.3604406661041282e-02
-4.3643003354287752e-02
-1.8978812254742222e-01
-1.6533571981516140e-02
-4.0701006918479038e-01
2.0418350426588877e-01
2.1613736884565654e-01
2.3284927059222318e-01
1.9052990591905270e-02
-7.4858393205846330e-01
-4.3388791642247897e-02
-4.4449211522003046e-01
-2.4024640490871216e-01
-6.6547561852668879e-01
-1.7935425102511918e-01
1.4079025027826961e-02
-1.8229730495871055e-01
2.8712333754455244e-01
6.5602277376800966e-01
2.4513980332580382e-01
-1.0495694224404617e-01
-7.4225251274503912e-02
2.6260116015229629e-01
-6.1999435292872586e-02
-2.5724675081491205e-01
1.6422957936487195e-01
4.3124422961088044e-01
-1.2781383264511587e-01
-4.3794094520427335e-01
-3.7384963609993782e-01
2.2589120074284985e-01
1.7702329786661508e-01
4.9238773838164468e-01
-2.0776585690441225e-02
-4.6630675024048829e-01
9.9143403829723253e-02
2.6837533217068343e-01
-3.2581258030710936e-01
-2.5067520167697388e-01
-1.6407917353681209e-01
-4.5662423184222325e-02
2.7026311296504296e-01
4.2886260850199692e-01
-2.7053978696697167e-01
3.2483156935973101e-01
-5.8429109205590335e-01
1.5350208581446823e-01
-5.7368779179758973e-02
-1.5452656167271456e-01
-3.7947463719143765e-01
2.2707580597803817e-01
2.8758918025690633e-01
4.1240990806142502e-01
3.3605492642928431e-01
-1.9506436590814039e-01
-3.4756413813702636e-01
3.6169262251746909e-01
6.1995982545288164e-01
3.4279872722399707e-01
-9.2405472519298884e-02
-2.3308893406570705e-01
-1.5728115715720187e-01
-2.9877825071142144e-01
3.9701454623378896e-01
2.0234561660825182e-01
-2.5859106347417954e-01
-1.6427597150605133e-03
9.0528204747554339e-02
-3.1442548912605833e-01
-3.0263210337108126e-01
2.7063657607343738e-01
-6.2964355490050139e-02
3.1093314701416191e-01
1.0973827782347938e-01
3.2586891382814798e-01
-1.1020642676360644e-01
-1.6887954693742047e-02
-1.7376530705736343e-01
2.3238438686712734e-01
-3.9940920556810228e-02
-3.5404022408168152e-02
4.1669699877300959e-01
-1.5052533726305400e-01
-2.0645788150354813e-01
-1.9648164912127183e-01
4.3271034666111330e-01
-3.1084954738523068e-01
-5.6065015113442272e-02
3.5887516292470939e-01
7.6877358527231113e-02
6.2875459417847071e-02
-1.6258737115803409e-01
2.1906634471390446e-01
8.0842478238034851e-02
8.5598871864711240e-02
-3.7743044372508799e-01
3.7507722278071060e-01
-3.7472725641218278e-02
-1.3336187681860173e-01
1.6085398836193618e-01
-1.9078219221169608e-03
-1.0436021653016632e-01
1.6032876555683326e-01
-1.8525996481325296e-01
2.8405902417012585e-01
3.9854975274124049e-01
1.5455016963101043e-01
-1.9365824741736673e-01
2.5282489749876558e-01
2.0973506550349325e-01
-4.8963207111976748e-01
2.1614945612615963e-01
2.1663006058961753e-01
-7.7239428853752151e-02
-2.0877641663417398e-01
1.9132657844201714e-01
-1.8595815844331137e-01
8.2026069137017904e-02
-2.0614803604936151e-02
2.9823002232262918e-01
1.1831170312345126e-02
-2.5011967720719154e-02
4.0855782784695961e-02
-2.6006092432621281e-01
-2.3116475918500973e-01
-1.2478996561664350e-01
-3.0051200984742477e-01
8.7890639258990350e-02
1.1807619393360616e-01
-2.5783256690792988e-01
-2.3464027678296304e-01
3.4826035215225405e-02
-5.7517292995470232e-02
2.4201798268858568e-01
6.7642340496713443e-02
2.5350358205992679e-01
2.7933256141335700e-02
-4.5893921530571334e-02
-1.2508634665650628e-01
7.2117384065959314e-02
2.9028106031942943e-02
3.2092150969157157e-01
-1.1407883664255944e-01
2.7312584035168791e-01
-1.5503284818305081e-02
2.6317322243637375e-01
3.5668039117420375e-01
-2.7246765156905238e-02
8.1174093813192461e-02
-2.1650435517556972e-02
-3.0959043744034709e-01
2.3649209016743805e-01
-5.2999348146992843e-02
-2.0248882266694571e-01
-3.0944451793162608e-01
3.6274631084463049e-01
-1.1324666436642232e-04
-1.1950049543119962e-01
2.9072377165518881e-01
-6.5378242775193787e-02
-3.0845065296376456e-01
-2.8295488153729570e-01
-4.0351577571860933e-02
1.4049186148360257e-01
-1.1055078975779845e-01
3.7940280090656597e-01
2.2682672492821715e-01
-2.4383402947059482e-01
-6.7806368892739041e-02
-3.8730730943306224e-01
-2.0980482727884051e-01
4.3024153678047468e-02
-2.5593983046585878e-02
-6.4756285139772364e-03
3.5268531580428676e-02
-4.0170948822221059e-01
-2.5720964077059849e-01
-7.5428984778674421e-02
-1.0414580937694808e-01
-1.5062167116458156e-01
1.5493205045128827e-01
-2.7020642600277595e-01
8.1630137042590593e-03
3.5164730032723829e-01
5.2379697325286512e-01
-4.3170966656611842e-01
-2.1598132000895207e-01
7.4616224143933985e-02
5.6181727803142223e-01
-8.5004883197548523e-02
8.2372335785864934e-02
-1.9377790429283288e-02
6.3766959840450543e-01
-2.4862052350170663e-01
2.9407905297508330e-01
-2.4535867366612927e-02
5.0494735281756720e-01
-5.5468361154683066e-01
4.9301199729118617e-01
7.5014296834990291e-01
5.7769596632178055e-01
-1.6021574038526487e-01
4.5487512384151119e-01
-7.4697952673008897e-02
1.0615162481468243e-01
-1.7397537033400456e-01
4.2516543035924914e-01
-3.5006458382809087e-02
-3.5150610022031466e-02
-4.9074016073590654e-01
-3.3990933464567025e-02
4.2775677760439379e-01
-5.8778786560366281e-02
-3.6331073573471356e-01
5.4791783341733562e-02
2.1991797950339995e-01
4.9486223465967161e-01
-2.1376948978909024e-01
2.5243800804718075e-01
9.3112821147836117e-02
3.8409376952769275e-02
-1.7230207796306557e-01
-1.0327467320111523e-01
2.0852673553105178e-01
5.6837134420558565e-02
-3.3049543154808048e-01
-8.4698547616795669e-02
4.9040652192209050e-01
4.0388783073554080e-01
-1.4840520822588996e-01
-1.9658368252597649e-01
2.5578196096272682e-01
3.8189990102411780e-01
-8.1956626537090224e-02
-2.4086432268763600e-01
-6.2461667770321319e-02
-2.1034348396760541e-01
-3.0677987131773971e-01
-7.9848070945880950e-02
-2.8901832845749764e-01
-5.7879755775161079e-02
4.2558473939453850e-01
1.1088993690605010e-01
-1.6422642147146169e-01
1.1441858891566596e-01
-7.6015411916529316e-02
3.9341336122397375e-01
-1.0397228369020391e-01
1.1625691876854144e-01
-1.7749308322050533e-01
-7.4141790051941228e-02
-3.3350808185378472e-02
1.9575664923578573e-01
-1.4512216529730629e-01
2.9905281278642781e-01
6.0582257100957881e-02
-2.5027128744815491e-01
-1.5402447683070578e-01
-3.1752481646450847e-01
-8.8013848292509203e-02
-5.6422113963667508e-01
1.6375527548390414e-02
-2.7034148502014830e-02
-1.7999220747666655e-01
-5.1204318390373434e-02
5.7969818760617006e-02
7.3361806854620390e-02
2.0128646441807005e-01
8.7879298739734088e-02
-4.8926306995275372e-02
2.9335055785750914e-02
-2.8781445928726924e-03
-6.7361377279798892e-02
1.6468445171896073e-01
1.9304060490760344e-01
-3.9160173788241237e-01
2.8304503413537158e-01
8.2635679012581051e-02
2.3020739675330318e-01
1.7566731498367194e-01
2.8717763599602836e-01
2.9010214701226555e-01
1.2803711960416944e-01
-9.7905242094724718e-02
5.5383975558753830e-02
1.1549014170765924e-01
3.4583629549737244e-01
1.0419374635874555e-01
-2.7251776601715111e-01
-1.8564089782485560e-01
2.3141075211223039e-01
-1.6093809175316029e-01
-7.1457136542581026e-02
-4.8852483344808413e-02
1.5736877859924567e-01
-3.8303347002275792e-02
1.5322924160451692e-02
-8.7867787712255105e-02
7.9615013584777836e-02
2.6073226725910208e-02
-2.5060299543867198e-01
-3.1770285840328583e-01
4.2412462623071007e-01
-7.6446876276619030e-02
-2.8541854369771452e-01
-1.5950393999939466e-01
-1.2898471983883691e-01
-9.2457663135185705e-02
2.7684572445234751e-01
4.6147025119156797e-02
4.2270009325352131e-01
-1.6021068750009418e-01
-1.6244644210099424e-01
-2.7474835782949548e-02
1.2988830887342456e-01
-1.3684162787890874e-01
-4.4669089388846223e-01
-3.9111994480371573e-02
3.1231143239703024e-02
-1.2028137242767122e-01
4.7007565744713528e-02
-1.3209282515024781e-01
2.4140603195455126e-01
-8.0394726328124583e-02
-1.6806934485877609e-01
-2.8642125537338337e-01
6.0781943791256850e-02
9.2172546901683972e-02
7.9778881575091314e-03
-3.3564404140186344e-01
1.8032364172314722e-01
-1.1680556694336150e-01
-1.8478521073684034e-01
-1.6412033604655349e-01
1.1558147227702611e-01
5.2275234745774640e-02
-1.4577291469095424e-01
-2.0929734868264344e-01
1.0260382724369384e-02
-1.6629738417774473e-02
7.8836699654606518e-02
2.8917387274870926e-01
-1.1178479753614642e-01
8.2416023759196294e-02
-6.3607645487826242e-02
2.1691549871228778e-02
-1.0590187732306047e-01
1.2600491231820413e-01
3.5957995580315311e-01
-6.3215996834477137e-02
1.9084185073390891e-01
-4.4336778973308483e-01
-1.4137150585693852e-02
-3.6993705304545105e-01
-2.1456044002557559e-02
8.3939166584028196e-02
-2.2615765632432540e-02
-1.2836417480664389e-01
3.6247696516670598e-02
-2.6022627299888779e-01
1.5708613644618444e-01
9.9876762640900521e-02
2.6707192812407315e-01
4.5302140425074834e-02
2.5445952842274816e-01
3.0324046124524356e-01
4.8029727692164334e-02
1.4948926601395851e-01
-9.2778430773228421e-02
1.3409089665467563e-01
-3.6454789120726930e-02
2.8927818760409857e-01
-1.6186514448787120e-01
-2.1503364141505568e-01
6.0221516436346739e-02
-2.4217308016490618e-01
-8.4040532658689091e-02
1.2040031038279041e-01
4.1351963080521394e-02
1.2592530504953781e-01
3.7726109802680458e-01
-5.9854509577495579e-02
-1.4528167843513301e-01
-1.4705943215374243e-01
-2.7442951404249072e-01
-2.4453606526097094e-01
2.0474503737557886e-01
-1.4798235031857424e-01
2.2755791350260013e-01
-1.0556033804386525e-01
2.6668987013949069e-01
2.1252453557852564e-02
-7.2475468692455622e-02
2.3172305482099179e-01
-4.6961337616109927e-01
2.6425496493283684e-02
4.2759726033129852e-01
-1.6981196070720080e-02
-1.2242625818480569e-01
1.2622087845367069e-01
4.0904795998933935e-01
-3.6810707930563913e-01
-3.0483969151430959e-03
6.4295508451002314e-01
-3.0388721601485996e-01
6.3223508979894316e-02
-2.7261454142427483e-01
3.3598839697651434e-01
-6.8351510496519843e-02
-3.7862806026487832e-03
-2.9238159154333199e-01
3.1364942918899946e-01
9.9256618516582011e-03
-9.1216371015187286e-02
1.1773474783423682e-01
3.3776121099952511e-02
-1.4836947816635840e-01
3.0305722943052987e-01
1.2854958406530731e-01
3.0127252828230594e-01
5.4239726271242517e-01
2.3707283026614143e-01
-2.6504482329376938e-01
2.5773349245546689e-01
-1.9954943654271026e-01
-3.3225344170915855e-01
1.5012474429471936e-01
1.8387922557238201e-01
9.5381235163709388e-02
-3.9526486970341189e-02
2.3674628619152505e-01
1.6090551573504780e-01
2.6271090931833496e-01
-1.0163040406349795e-01
3.4554844069592405e-01
2.1119074052149292e-01
2.3798905211438359e-01
-6.0121875288003251e-02
-2.2243914929656075e-01
-2.1048619215298411e-01
1.7870868637002926e-01
-4.2321521686101045e-02
-2.4970803324352422e-01
3.4071505723571494e-01
4.7262159956198736e-02
-1.6089761365721642e-01
2.0233255233440006e-01
2.0373983028111770e-01
1.6093045431287931e-01
-2.7423263348742215e-03
2.5948309695107130e-01
1.1319139688737876e-02
1.5330849333978533e-01
-1.3865433145678754e-01
1.2863232251456219e-02
-1.1498657900290186e-01
1.7036205951085709e-01
-4.3069114430895578e-01
2.9802780388844502e-01
2.2321286422532544e-01
3.3130963595322688e-01
9.8730193017526946e-02
1.5385934583077071e-01
-2.4399777210222465e-01
-2.1874085062367288e-01
-3.4029850496092018e-01
1.1769169232032030e-01
-1.5821068278745881e-01
-4.1771983238101440e-02
-5.1058660397863842e-01
5.7467629719783464e-01
2.9732889359740788e-01
8.7473747448400321e-02
2.8442458578383384e-01
1.1813232197130794e-01
-1.7921211409210111e-01
-2.0273598047815602e-01
-9.7602355074087564e-03
2.8415984747235196e-01
-3.7288031358983197e-02
4.6759277079237349e-01
2.2859669910618952e-01
1.7102325617939287e-01
2.3517609681034696e-01
-2.9712070136977586e-01
-1.7849572444938594e-01
-2.8768151057338703e-01
-2.0336436164398453e-01
-3.6988788133814482e-02
-7.1193022771774681e-02
-3.6473358987030446e-01
-4.7794565556369356e-01
-8.0908705918050494e-02
1.8352024628512650e-01
-2.3029438795746451e-02
7.4899997822887954e-01
1.4765291014191914e-01
1.8381315231930742e-01
4.7581279145952610e-01
1.6534928729698180e-04
-3.0830184430000834e-01
3.7294777602653081e-02
1.8631677652452470e-04
6.9966461510592504e-01
3.8931999098631265e-01
2.0930290699673854e-01
5.5939348511882474e-02
4.0739206221435537e-01
1.1630584930514867e-01
-1.3714889138344874e-01
-4.3855127746217404e-01
2.9845559938650690e-01
-1.0318923787166934e-01
-1.1530978574010486e-01
3.2423780296022475e-01
5.4594739147234173e-01
-4.5305811251159966e-01
3.2870104101827019e-01
2.8001040880229944e-01
-1.3729588268503276e-02
1.4208242034102199e-03
3.3942530825363215e-01
1.8190451006869893e-01
-6.3224203103202162e-02
-4.3032913154212687e-01
-2.1929744671159609e-01
3.7909612681519593e-02
-2.6273199837909239e-01
6.7888389149849460e-02
-7.4688467199009756e-01
3.0046503005183234e-01
2.3500834995413383e-01
9.5736513001605392e-02
1.4235226019823372e-01
-3.8580488039961014e-01
-2.0869221068752070e-01
-4.9988172214000898e-02
-7.5269679006830070e-02
-5.2117520312139864e-01
-2.4759197897324531e-01
2.3653423579628202e-01
-1.6004360537576073e-01
-1.5752986713710640e-01
5.9313398089945912e-01
2.7177791966045162e-01
3.2575139067613096e-01
-3.6893300055103634e-02
-2.2570799137486008e-01
4.4207738237151434e-01
1.2295024359087316e-01
2.8628618188187349e-01
4.3880305924118851e-01
-1.5015496807638759e-01
-3.0954994598038071e-01
-4.8121595678714119e-01
1.3808923370669468e-01
5.7926044927759213e-02
8.5601517641653269e-01
5.4254344806651408e-02
-4.3302820378563572e-01
-2.5436336429984368e-02
-5.3778666231480116e-02
-2.6667782628163944e-01
-3.3586498883212940e-01
6.1289209744721310e-02
-2.5482469054660040e-01
-9.8750528630860410e-02
1.9311321630365264e-01
-4.0659812415500807e-01
-9.5442914764367906e-02
-3.4887805371232683e-01
-2.3236770385747324e-01
-2.9198545572945578e-01
3.0927723509132723e-02
-2.7631565252429091e-01
5.2267034256717226e-01
3.3707205820027480e-01
4.8772942953087256e-01
2.5380773607155843e-01
1.1439489459397087e-01
4.8715655228067666e-02
6.3263783329826850e-01
2.7464788417653863e-01
2.6526403145747673e-01
-3.2419864119053649e-01
-3.7645287982165360e-01
-2.7174290987684196e-01
3.1251355390316976e-01
7.7146838937250029e-01
3.6901357127567408e-01
-2.6451883407045049e-02
-2.3838974109369060e-01
1.3512564850921092e-02
-6.1320080805280480e-02
-2.4848893853395607e-01
1.9174129305075502e-01
8.3632556058850629e-02
2.8128503708877711e-01
6.3108352083678554e-01
1.3588447805336482e-01
-2.2304659822614301e-02
-4.3356906610417367e-01
-3.9688229577763823e-01
-2.1552790734201477e-01
3.3099719884370044e-01
2.5389547139047652e-01
-3.8485541125402384e-01
-1.1102202974119724e-01
-1.1894725425491293e-01
1.2727884635684367e-01
-4.2204463693534811e-01
2.3120482002167667e-01
1.0056299498221602e-01
-6.0328256294546900e-01
-2.1714524077856701e-01
3.3436204103568684e-01
1.4647914222537070e-01
2.6347494648979880e-01
1.9273551977830133e-01
6.4927202177104681e-01
1.6213397856814465e-01
2.0657780748159567e-03
3.7145193569763424e-01
7.6595489753674195e-02
3.0071805798301382e-01
-5.0410482413979947e-02
-3.4924127982039460e-01
-4.8960434525753788e-01
2.0362112863532508e-01
1.9759594079303380e-01
3.9405938535274504e-01
-8.4947299278659461e-02
1.4129420182337643e-01
-3.5018182295582517e-01
-3.6478654065730573e-02
4.0276550768983616e-01
-1.5427060135567383e-01
-7.3265058855899590e-01
4.0016420824274845e-01
2.1155254583503222e-01
-1.2584723978189558e-01
4.8926315729903835e-01
2.1996245392024499e-01
4.3918558325357065e-01
1.2147458616113407e-01
-9.2511674822433349e-03
-2.8943325806781206e-01
1.6280026901727859e-01
-5.6594618909579752e-01
3.5648018095822853e-01
-3.3748893217689829e-01
4.7105384409862833e-01
1.5812464821800081e-02
-3.1336875379308543e-01
-7.5107905966838862e-01
-7.1730174743279779e-02
-4.4093745495321596e-01
1.8847152220332555e-01
4.8345625726858676e-01
3.0979538569825910e-01
-2.6946763922878997e-01
-8.8618607814944489e-02
-3.0450188543957385e-01
2.5558546505418517e-01
5.4830700186464332e-01
1.5852702565011728e-01
-2.9358491893277723e-02
1.1194299145535047e-01
2.7334000660451130e-01
-4.4172527992478244e-01
-2.0253511277334607e-01
-2.6366572632298751e-01
2.1955693614407354e-01
1.3462521680872375e-01
4.6799329188479205e-01
2.5316582160617973e-01
-5.5013796793818204e-01
-1.3218378218549354e-01
6.5636908952851930e-02
3.7416460144234548e-01
-7.7177526306989519e-01
-3.1238927814795037e-01
-2.0861357355881710e-01
-7.9420957561065472e-02
6.2943945754610181e-02
2.8427712136608313e-01
5.9075313491971961e-02
-3.6437207328482896e-01
-3.7057292915581935e-01
1.1317753320650301e-02
-2.6922548598724068e-02
8.1426297680843810e-03
3.2025250980143266e-01
1.0616482132357835e-01
1.4033325822078369e-01
-7.6560306454448090e-03
-3.2979311530401373e-01
9.8483897777174478e-02
-2.2950561134617303e-01
3.9383183896592372e-02
-3.0653518604563107e-01
2.0349922157170719e-01
-4.2973743356647320e-01
7.6847362669714175e-02
-5.8160545897840132e-01
-2.2687279082895156e-01
-8.2011586399796846e-02
1.7004957945390661e-01
-3.2149778584569427e-01
3.6124861914040060e-02
2.3347894379915535e-01
1.2221083928901011e-01
8.4442472487276266e-02
-1.9611364257315370e-01
-3.3769779608465245e-01
2.2741268035700760e-01
-5.2874666226045541e-01
-1.3602087991926401e-01
1.4180667723972354e-01
1.6521129128362497e-01
1.2376464171986365e-01
-1.4402235768979102e-01
5.3594263382649006e-02
2.7773917431836653e-01
-6.7533319161839894e-03
-2.7830817258559620e-01
5.0800504644356925e-01
-1.9693737159664691e-02
-1.4175281102270376e-01
8.0300998652482858e-02
2.7436598668445966e-01
-1.8314780112287352e-01
-4.5675720913427330e-02
-8.4157465282393235e-02
2.8244186110225539e-01
1.7156240479208079e-01
1.7485237502834539e-01
1.9317441874300265e-02
1.1032568856701366e-01
6.0902097242888609e-01
-4.6107660862213634e-01
2.0156990907339506e-01
2.1272153389291701e-01
-1.1367134160584237e-01
3.0054954245217280e-01
2.8767000747431149e-02
-4.0251222010534042e-02
1.0174358832772908e-02
4.7747470799805530e-01
1.6646911704843342e-01
-2.3691108364925761e-01
-8.5260457272637313e-03
1.4071872960851262e-01
-3.9054513227786419e-01
-4.7087318650695464e-01
-1.0172213951835402e-01
-1.7317087537749565e-01
1.9333032464858034e-02
-2.5929157059997560e-02
4.5253414422407455e-02
-2.1865627011142552e-01
-2.6724096371749240e-01
-2.5475532127297501e-01
3.2735718954761328e-01
1.4480768729170365e-01
2.8642084988029778e-02
1.8479167465191046e-01
-3.0759259211563628e-01
-6.6188778244122670e-02
1.8716693621859257e-01
-1.1505562860636823e-01
-1.3188503160071171e-03
1.1300114859785584e-01
2.7087580629770597e-01
1.6018710834832747e-01
2.9098358129364743e-01
1.9420211548901509e-01
-3.2899918774827785e-01
2.1915404260524074e-01
-3.0709189157096611e-01
3.0339221419299600e-01
2.7251604548516678e-01
1.9218494550153256e-01
-3.5727430031425422e-01
1.0219515457449339e-01
-5.2845852821632615e-02
-1.8617744184472468e-01
-3.2562332005041272e-01
-2.6192642466937721e-01
-8.7328077545684293e-02
-8.5010795795300548e-02
-3.8947968382911191e-01
-3.0647295183956669e-01
-1.1104305645122889e-01
5.9113000638444907e-02
4.7954332354046142e-01
3.2043635493800970e-01
-1.3846769752551588e-01
-3.5007666672107474e-01
-3.7601917095672344e-01
1.5570306473950454e-01
2.4218055343838374e-01
-2.1552849569333740e-01
3.3676460069435765e-01
2.4882214026388150e-01
-2.1123666509222222e-01
4.2087264655761694e-02
-2.2103789582930283e-01
-2.5742727363125806e-01
-1.3522705402786733e-01
2.3537989561005976e-01
-4.2021710144360536e-01
8.3730786370185259e-02
-1.7676920290522549e-01
-3.9680255381173551e-01
2.8702205504004197e-01
1.2919211080205142e-01
5.9364375174768558e-02
3.2920532716273376e-02
-2.5728376110876416e-01
3.5587478620552554e-01
-4.4747604690146775e-01
-1.2330110654740264e-02
1.9452183487216135e-01
-5.8933761294481479e-01
-1.6092794787504368e-02
5.7897889751796473e-02
3.1715988762813230e-02
2.8012910972724875e-01
1.3811433551433669e-01
-2.5988706775437664e-01
2.9564673110356954e-01
-7.9358445235733252e-02
-2.7444201233198401e-01
2.7827021157211501e-01
2.3852170457903757e-01
-3.9544876707845698e-02
-2.7290488196572987e-01
1.4526186660985632e-01
2.5376561148016225e-01
5.0535550413489705e-01
4.5623400468674757e-01
6.7981856954610939e-02
3.6737940659456170e-01
-7.3468084284425653e-02
-1.9620011725981040e-01
5.8739970725573944e-02
-1.4289729801492593e-01
1.7947904628157285e-01
2.6066335740677388e-01
-1.7135795358314634e-01
2.1590964438763047e-01
-1.0558705790035923e-01
1.6959285716648143e-01
1.8361950576053260e-01
-7.0012561692414363e-02
-2.3808620684316126e-01
2.5112824183161586e-01
-3.3080257106353822e-01
-2.7864854534010813e-01
1.4322491600902121e-01
-8.2976545989140948e-02
-1.3172226502228918e-01
-1.8678928490893365e-02
-8.8488665056580429e-02
1.1029871778977450e-01
-2.8331906223724135e-01
4.2989029404661740e-03
4.1047788426776421e-01
7.8230846420306685e-02
-1.7865258115155491e-01
1.7498888194306556e-01
6.6641702665537941e-02
-9.0523894477584979e-02
-9.9424484542640038e-02
-4.7765941930148559e-01
-2.3833178886223483e-01
1.0996172642558423e-01
1.7793771987303464e-01
1.2020928589808200e-01
1.7934943170356873e-01
1.2174684371583708e-01
7.4812528851222901e-02
9.3829313202086442e-02
-4.2197895044249201e-01
8.1853634199235262e-02
-1.0913865621025179e-02
1.2033526094600126e-02
-3.6646127782534760e-01
-4.7858404433820473e-02
-3.7161537232254301e-02
-1.0263115371455506e-01
-1.9948301230922599e-01
2.4734205689203695e-01
-3.3282019745034386e-01
2.9677715160088186e-01
-3.5230332258678715e-01
-3.6582898899298349e-01
9.9217252464142529e-03
-3.8364177344605191e-02
6.2590574315412340e-01
3.4637186495238326e-01
2.7391637691043186e-01
2.4880512435927005e-01
-3.0330791618014130e-01
3.1942022004432846e-01
-5.4133657907537769e-01
-1.5953474892469952e-01
9.9524539523980965e-02
1.5032288781176428e-01
-4.1168415582628418e-02
-2.0570273993859628e-01
-4.3132862756808227e-01
9.1151065692808120e-02
-2.4753768405295321e-01
