tensor
2 
11 25 
1.3114120701495502e-01
3.5932041142878535e-01
4.7422163123871330e-01
7.0838427472183496e-02
4.9685021457494860e-01
5.3541573495532568e-02
1.5458454840325819e-02
-1.6931793400973294e-01
-6.9998201606603638e-02
-8.1937463962552526e-03
-4.2896291608704729e-01
3.8773921553271606e-01
-4.3536640894913159e-01
-6.3815044268551668e-02
3.2662950661889179e-01
-1.0546531576696649e-01
1.1347488170526199e-01
3.1864073508220914e-01
3.8623503906260648e-01
4.3111162748722065e-01
-3.0921535199087780e-01
-2.4141774858122766e-01
3.9786568484029916e-01
9.3361860386108941e-02
3.8400818468479203e-03
1.1280958883555914e-01
3.1942224223187587e-01
3.1889169492925751e-02
-2.9792490345156841e-01
-4.6106534319478087e-02
-7.2089080179829179e-02
4.6605274961199905e-01
1.2005505413347373e-01
1.9538995191800357e-01
2.2016461201797943e-01
-1.5310480971238638e-01
1.6990420525310190e-02
5.6694632012101898e-02
-3.4350478088595549e-01
6.2056045561774797e-02
1.9480328910845623e-01
-7.3544464289762579e-02
3.3627042067631407e-01
2.3138706616193305e-01
-1.3996895791422836e-01
-4.5787628146601422e-02
-1.1361010140782768e-01
2.7555464225053550e-01
2.3427110568593934e-01
-6.9722154925844437e-02
1.9375257413391345e-01
4.4521348716846032e-01
2.8423259823174085e-01
2.0557185813106882e-01
-3.9066576047565427e-01
-1.1006934284351499e-01
9.0904730405336420e-02
-4.0619952033674633e-02
-4.4966001326104588e-01
-2.7131241597977918e-01
3.3418906105689949e-01
-4.8435530730347298e-01
3.6371086505586570e-01
-4.2193094696756572e-01
1.6904259008155542e-01
2.1132428110237633e-04
-2.8200620124984643e-01
7.1615725404089114e-02
-3.7781084907658025e-01
1.7116623298865297e-01
9.9585548122813838e-02
-4.4402384261220951e-01
-4.4365698145664323e-01
-3.4749936299752970e-01
-4.8037893323441594e-01
-6.4824454303048173e-02
3.3222147528281765e-01
1.1739017145408426e-01
2.0129415310741972e-02
3.6386822293361065e-01
-4.0230208183855687e-01
4.0805220318676916e-01
-3.9198330586324104e-01
1.6996758096944897e-02
-3.5684397791642386e-01
5.9370572403003918e-02
-4.9542037605267653e-01
2.6668199862148745e-01
3.4870922645828240e-01
4.1682127025373805e-01
4.8696827478365812e-01
5.1331017988225369e-03
-2.2857837558248495e-01
-3.9924948807876437e-01
7.8488308295365794e-03
8.5609125701878397e-02
2.6288709591074089e-01
-4.1703735088945615e-01
1.6159619308271422e-01
1.6979014706213102e-02
-3.2895198247455282e-01
4.3855786433184241e-01
9.0483177142571702e-02
-5.9365319239159886e-02
4.4191893031128293e-01
1.5591382025714129e-01
-4.8054290739614203e-02
3.3969742071966902e-01
3.2623502474346311e-02
5.3887065791275002e-02
1.8006553008336068e-01
-1.3281009468263261e-01
-2.6070939380645464e-01
7.8923492459093580e-02
3.6688705467250782e-01
-9.3223239784774425e-02
-3.8738485897495323e-01
-5.6154163273042679e-02
-1.9981559878610000e-01
-9.8613146185507206e-02
3.3336356345313434e-01
-9.6371337226392906e-02
-1.0982406186939342e-01
-1.3955110662105541e-01
-3.5974464073055568e-01
-2.3986980588755991e-01
-4.1318489913416634e-01
-7.0602662914194703e-02
-2.4271721523014012e-01
-2.0244461584888163e-01
-7.5141588295374206e-02
-3.8079274057871293e-01
-4.9330761995408645e-03
2.0640722753756047e-01
-2.5642662731904919e-01
2.8507008193400607e-01
-4.2591042313907312e-01
-1.0611657301830335e-01
-4.9660587703569259e-01
-2.7932310806697602e-01
-4.9869943129940386e-01
-3.1082032900526479e-01
-3.5751594517902852e-01
-2.3192400087662401e-01
-3.2510793466421717e-01
-3.6135102840740474e-01
9.8885610367865029e-02
4.0105790568272559e-01
4.3937976588423822e-01
-2.7881554406092213e-01
-1.7328624603586196e-02
-1.2398888407524544e-01
2.3780036965869500e-02
-2.3512740645141017e-01
-4.3164277952917085e-01
-6.3672922519897313e-02
-3.2614696263499898e-01
-4.7389289184509509e-01
4.5467827408044947e-01
-6.9403480140582730e-02
4.6155857310366322e-01
2.6241448400299294e-01
-4.9265133889715307e-01
1.8003864046013873e-01
2.0595075424888343e-01
1.4512878660738249e-01
5.2309844507729908e-02
-2.8189127021672000e-01
2.7236621361304258e-01
-2.7197167639954978e-01
-1.2913528102659477e-01
3.9092882102569493e-01
3.5637690772826069e-01
-9.7566450186555853e-02
-1.8198088250326494e-01
1.0863543063498959e-01
4.1019522669448172e-01
4.0909818780088225e-01
9.1594408907437863e-02
-1.6742859266444887e-01
3.5306362920991918e-01
-5.7602106958834942e-02
4.0435547821794371e-01
-4.6682059404787257e-01
3.2426482500132581e-02
2.1649734650438179e-01
-3.2069815617821062e-01
-1.6346707419893747e-01
-3.1228705142473268e-01
-1.7807281681707621e-01
-9.6143288769793278e-02
4.8566299856963591e-02
-4.5126140721773333e-01
5.2732133178942542e-02
-2.2518859516249934e-01
-2.5849825826588779e-01
-2.5685482059344944e-01
-3.4584055082992560e-01
4.5641636100802407e-01
4.3566137551660011e-01
3.1871443720824377e-01
2.2826184782283410e-01
-3.2418827172447029e-01
-1.3962902295754642e-01
-3.1121002735839498e-01
-4.9880160315995659e-01
-1.8358048626745693e-01
1.9961698639705550e-01
1.2525518017904047e-01
4.3062175343851594e-02
-6.0962796612330838e-02
-2.1257273251745734e-01
1.6591067466902309e-03
2.6154618566964682e-01
2.6240804878871404e-01
7.6055901496557055e-02
2.4766283764171637e-01
1.4553450598132156e-01
-3.7678048167549383e-01
4.3978600927666589e-03
-1.5273868727836637e-01
-4.0785231519489562e-01
-3.5215053196748125e-01
-3.0183029893359825e-01
1.7227023745742864e-01
-6.8488817098109167e-02
1.9440390968455434e-01
-2.4321543672985213e-01
-4.9024135011484049e-01
3.2283071060888680e-02
-2.2060803474703539e-01
4.4623015351992668e-01
4.0644326651000218e-01
-1.0731542402588845e-01
-4.7514476615512791e-01
1.7143679657245980e-01
3.3717063537705450e-01
4.7149963831126340e-01
-4.4306711456475201e-01
-4.9676187266546989e-02
8.2470301736287110e-02
1.8663781449630323e-01
2.1943275259599815e-01
1.5004075192539079e-01
2.2691455091265200e-01
-1.2615233416001836e-01
8.1582083212865752e-02
-3.8388148722059967e-01
-4.4234563878512778e-01
4.7976522397598653e-01
-2.1517627313938226e-01
9.4974298809596291e-02
4.6216103101125983e-01
-3.1422173659142172e-01
-3.0696018402297343e-01
-1.5835589535485828e-01
4.3289789581808047e-01
-1.0933246338240377e-01
-2.2678329200003655e-01
-3.4805292015315581e-01
-1.0289115725654829e-01
-1.2527753304875744e-01
-3.6888529295699468e-01
-6.4959282104373184e-02
-4.0848683278738918e-01
1.1462695801294587e-01
-4.8902090770918827e-01
7.3260383263372364e-02
2.8972985802576179e-01
-2.6463322684913060e-01
-5.1980286535949105e-02
6.9358183284932040e-02
-4.3859855770915301e-01
-3.7111143601151753e-03
1.4231523458529849e-01
