tensor
2 
17 11 
-2.7873426987289540e-01
3.3705644553188063e-01
4.7107523144251351e-01
3.4637288769317343e-01
5.9994558905482887e-03
-2.2112438885476937e-01
2.4661722182820134e-01
-2.6306961588712985e-01
4.5734528161912325e-01
1.2026003607777080e-01
1.0026214550762780e-01
-3.2739549835233139e-01
-4.0965326185677542e-01
-2.4473779735641121e-01
3.5857053125920990e-01
4.1106705339779404e-01
1.9963376722576254e-01
2.2518235502338746e-01
-2.7011392114250354e-01
7.6053456321354407e-02
3.1062810500793914e-01
-9.6156631615934351e-02
4.8843926719974506e-01
-4.1000118501311167e-01
-1.7905896735223858e-01
1.1408938819177927e-02
-4.3939363343175775e-01
2.2568792354584388e-01
5.6555748561991970e-02
2.9359902481256639e-02
3.2998243203319533e-01
3.5875903407180398e-01
2.8902892331394903e-01
-1.8216694627377150e-01
-4.7792546237018230e-02
2.5222797004994235e-01
-3.9013829424931423e-01
-3.9025763140609637e-01
-2.3011633629559913e-01
2.4637345396310906e-02
4.7265107697749709e-01
2.1040868527816947e-01
-1.8814005485246710e-01
-2.0854287235227265e-01
3.5035733737462138e-01
4.1164742400785337e-01
1.3927614727606374e-01
-2.4462970205555656e-01
-4.1133415996771694e-01
3.3825558753722573e-01
8.4718619263320361e-02
4.4810873539602214e-01
-4.3897107080749076e-01
8.4641303355110553e-02
-2.1489191434135813e-01
3.2773217344826322e-01
-3.0901355930260221e-01
-5.7470037797116347e-02
-1.0658849363242362e-01
3.2657397904276497e-01
1.7687109343841889e-01
-2.9239696562001949e-01
-1.8189527384973680e-01
-3.6618901464387399e-01
1.7146288947803068e-01
7.0991075462405684e-02
-3.3023293397351150e-01
-3.5234422284826317e-01
-2.3920281732543680e-02
4.0810241650694989e-01
5.2175026715834738e-02
-4.6706010725012337e-01
-4.4613707356444388e-01
3.0506322855890211e-01
-4.8625145296551819e-02
-1.1735377044004147e-01
2.8964370368969072e-01
-1.3571313050020606e-01
3.2349934998910368e-02
2.1165670598126651e-01
3.7147651799584669e-01
-1.7131038832777101e-01
1.5011802539777708e-01
4.7483614800275753e-01
-4.2403263870586438e-01
8.7019167082771798e-02
-8.6113502226639937e-02
-1.9086357353373296e-01
-2.3616595847320476e-01
2.5876626508020395e-01
4.9521598112975196e-01
-3.1342855585863083e-01
2.8114526853476451e-01
-3.0420201897326804e-01
4.9235897317992650e-01
3.0226156976428875e-01
-7.5773290096693868e-02
2.2886386805137393e-01
-1.6464174764483364e-03
3.0899026719904477e-01
-1.4349106651895394e-01
-4.2675656551019259e-01
9.0991455274849309e-02
4.1018783072814125e-01
-3.0623406383338969e-01
-6.7632208465602361e-02
2.4915972906800921e-01
-4.6081551335241699e-01
4.4632498980548263e-01
2.6367332366376117e-01
5.8820550509560254e-02
-3.1615705553422535e-01
-2.0511849810530558e-03
1.7845600234050685e-02
4.9424301064405030e-01
3.5485168309067505e-01
4.6240393971197080e-01
1.7894100897703324e-01
-9.6498611195639294e-02
4.3497908617805170e-01
-2.0515454367518449e-02
-2.6820838833688310e-01
-1.0370975149022454e-01
2.0507747511278884e-01
5.8559034560550116e-02
2.5663070089436757e-01
4.9548105855525781e-01
4.6243140436663399e-01
3.5067105256156972e-02
4.6387012997171451e-01
-3.8437412081874078e-01
-4.4855170676979472e-01
-1.9565105436342656e-01
8.0191833142712388e-02
3.0964452338281490e-02
4.0120809265314350e-01
4.0550425170244320e-02
-6.8019389143317288e-02
4.2666987436341564e-02
2.1241480578952165e-01
-4.8332528705976752e-01
3.0092088205784817e-01
-3.5749067507620946e-01
-2.1525527097136843e-02
-2.4316464582036645e-01
-1.3090831117513946e-01
1.6176491336541432e-01
-3.3039118654568556e-01
-2.2121597956098127e-01
-3.0177820548616108e-01
-3.0492846671573914e-01
-1.7316035165002430e-01
3.8033786037919959e-01
-2.8898134984251533e-02
-9.6030627829058912e-02
-3.2076852357655328e-01
4.6892499614729188e-01
-9.2544262197379767e-02
3.4448739648344817e-01
1.1532509713084949e-01
-1.2338892196726281e-01
3.7718174933709714e-01
2.8485242728302373e-01
-3.5045716685465744e-02
3.1397692682093392e-01
3.9844413718012039e-01
-7.0761456885172658e-02
-1.6567058037778026e-01
9.6647104445246268e-02
4.0199080870656212e-01
2.0206644935967577e-01
-1.2254489792913514e-01
2.3495592543001442e-01
4.5410278647121360e-01
4.2813113103551181e-02
4.0105832359365823e-02
-1.8889036039599805e-01
-4.2876542807541629e-01
-3.1801953283097850e-01
-4.0701107312932205e-01
-3.6510752237756794e-02
-4.9066748797223059e-01
4.1502591173578984e-01
1.4274173913310395e-01
-4.9858094179759704e-01
-4.6961472750508226e-01
-2.9152977669468028e-01
