tensor
4 
3 5 7 17 
-8.3207364270946965e-02
-1.6574040725421063e-01
3.8064560793670998e-01
-5.2197163852235506e-01
-2.8857958748057910e-01
1.9320093908622868e-01
-2.4506790239776546e-01
5.5191465290399845e-02
3.2855279594520052e-02
-4.0519097076249444e-01
-1.5500432702493622e-01
-1.8559847336227647e-02
-2.9064673214754805e-01
-2.6920723998269042e-01
-2.0092834851950064e-01
-1.6837471200859830e-01
-8.9503867460394380e-03
-2.5771971178710051e-01
4.8244631100071871e-02
-2.6152381513602579e-01
-2.4027418683416904e-01
-1.0604751495340957e-01
-4.0887538644256088e-01
-9.9391944316448780e-02
6.6662634698489765e-04
2.4695804514637312e-01
-4.0938170586129960e-03
-4.2582434432311328e-01
1.6156297728060429e-01
7.7276468560280906e-02
-2.7200046006764567e-01
6.5048700413360944e-02
4.7755409086051981e-01
9.3704878148151455e-02
1.1887100569683136e-01
2.3785912224545845e-03
-1.5072788119664784e-01
-1.3492023918362450e-01
-1.4216785520371216e-02
3.3164967979935506e-01
-2.6926325180123865e-02
-1.1983862290742954e-02
-2.9156676289590472e-01
2.3941643987779354e-01
-2.8729974907682532e-01
-1.3335730899229106e-01
-6.7130742348233644e-02
2.5445002487783318e-02
-3.9321859575222259e-02
-5.3969805556333135e-02
6.4400149597166695e-02
-8.5070019819862286e-02
2.5004707422548539e-01
-1.3438567802557785e-01
2.2328436535595247e-01
2.5279833212814701e-01
-2.3781943946751802e-01
-2.9697122820629224e-02
4.7980252493392508e-02
7.7554492485022358e-02
-5.8318382765628740e-01
-6.7316979043075487e-02
-9.9823775513907823e-02
2.7676770093452704e-02
-5.9092152516819355e-03
-2.9224815666152065e-01
-4.2694581586585123e-01
4.0906593002250408e-01
-3.3285260226614427e-01
9.1898202336851018e-02
4.1063102372385099e-02
6.0778267276356518e-02
-1.6718798413851205e-01
2.3494372185960374e-01
-4.3198958279810434e-01
4.1870034379699295e-01
2.9933899863556292e-02
2.7738808932511805e-01
4.8462057607545031e-02
2.9524336221447811e-01
-3.5969191011710994e-01
-2.4333749923455886e-01
-1.3852051008678384e-01
-5.6961531416703459e-02
-2.9235303637643290e-01
3.4743213689317842e-01
-2.0072539709566847e-01
-2.2718604005357104e-01
-1.8010791469769319e-01
6.3134216873225471e-02
-2.0831559001688937e-02
8.4855203240759264e-02
-8.8624977258705925e-02
-2.4034500909090922e-01
-5.7688123308798786e-02
2.4618790518271541e-01
-2.0453306946259278e-01
1.4647526260680657e-01
2.2594477419270032e-01
9.4380971779335521e-02
3.7152584107111314e-01
5.5670969946149763e-02
-1.9200285119581775e-01
-7.2144192924966613e-02
-5.6368483636624188e-02
2.0224695432537079e-01
2.0460998383344178e-01
-3.4649915423700511e-01
1.9559254246878438e-01
-9.9931584544936308e-02
-3.2367341181615011e-01
1.5122937026760616e-01
-2.3443601684052059e-01
-7.4583636489358299e-02
3.8592567815087120e-01
-6.2540387697230096e-02
4.4012844212980129e-01
-4.9029773139925396e-02
2.3685506105894208e-01
7.5023711607422591e-02
5.5858739994320374e-02
-2.8464875205944756e-01
3.7632500041079986e-01
-2.7633015013793688e-01
-7.2625054556207602e-02
-1.7918689540895905e-01
-2.6922547028721411e-01
1.4996220298242360e-01
4.3915230746977563e-01
-9.3254936624284052e-02
-4.3407446530690529e-02
-1.2356728213077464e-01
-1.1666018006743158e-02
-1.2352332765048759e-02
7.0268297303503063e-02
1.5139064435460761e-01
-5.3082147692475778e-01
-1.1874058425098472e-01
-1.1851833589476415e-01
-2.2185528513660688e-01
8.0267251131705034e-02
-3.6950160354350760e-02
1.5906865221082445e-01
-2.2394181238268459e-03
-6.1546327959851876e-01
2.2186852851028793e-01
2.4174430011930162e-02
2.1024791035629595e-01
-4.0188952368813174e-01
-7.8970376604677622e-02
3.6047512838163603e-01
9.7999569538775345e-03
-2.8785538691496465e-01
-1.2823676657450300e-01
5.6889441078753300e-01
-2.0519959714889993e-01
7.7111924361480316e-02
-3.3431025027177846e-02
2.4447596948439562e-01
-3.9852411709991192e-01
-8.3649245410271564e-02
4.2273439486066239e-01
1.8578330921425595e-01
-1.2028666427474416e-01
6.6894372331067306e-02
1.6927552683189676e-01
-2.7293470865603092e-01
2.4310734512512336e-01
2.9228243073371551e-01
9.3752424436770065e-02
4.9751607150689786e-01
1.9240087099551886e-01
-4.2824833283160252e-01
-4.6447497445586206e-03
-1.4837174238029135e-01
-5.6395878154374378e-02
1.5700450409088995e-01
1.8531544562029006e-01
-2.2011994835327747e-01
3.2366539435869934e-01
-4.2753360471468810e-01
7.0974203924585672e-02
-6.4688459436848450e-02
3.2012445568075554e-01
-2.3183736922534459e-01
4.4045765260223418e-01
1.4648212177550821e-01
4.1898040154324501e-01
1.4221079981708740e-01
2.1265185970643563e-01
-4.9664333033587926e-01
4.6284292783619579e-01
2.6371155026727339e-01
1.1195576944655614e-01
-1.5895609626295909e-01
-3.7849361022709260e-01
-1.1063540162349672e-01
-1.6067614600750385e-01
1.5478287478206459e-01
4.8928900170017373e-02
-2.8859352317553139e-01
-1.2710386920478478e-01
6.8495495745425378e-02
-3.5978715284849705e-01
-4.4803436405277508e-01
-3.6375157939508657e-01
-1.9514823887709323e-01
1.5263328957459174e-01
3.7300198600251583e-01
-6.0397175960778871e-02
3.4124587148957181e-01
1.1004233255578866e-01
-9.1074678085823715e-02
1.8663179983862205e-01
3.5895740159267964e-01
3.1083080762070000e-02
3.0527305353932489e-03
2.0348101184236467e-01
4.7051215116154360e-01
2.0692492271224996e-01
5.6401644110087329e-02
-2.3437629128964965e-01
3.7129121058171094e-01
-2.6244767239126277e-02
1.3542377468554770e-01
-2.8775206951706572e-01
2.1719099179347315e-01
3.0590275972596181e-01
4.7123755648342269e-01
6.0689927467640281e-01
2.9250007895145691e-01
8.6609429511601888e-02
5.1255313509024347e-01
2.1196189222745432e-01
2.3872375442452373e-01
4.1032995178173054e-01
1.5576477293065727e-01
-7.9151587042725138e-02
-1.2636075327929827e-01
-1.9253422384021443e-01
2.7082667186100573e-01
-7.3104056306516077e-02
-3.3123026925360743e-01
-1.8975120579021263e-02
-6.2395551053250627e-02
-1.1386776586959180e-02
3.1119365978819913e-01
-4.7720279656286793e-02
2.6845267646675819e-01
-1.6119722554789731e-01
-4.8940265671715177e-01
-5.2136194340359092e-02
4.7523296431139207e-02
4.1431325285738041e-01
-1.0570964301314226e-01
-2.0719100544743285e-01
-4.4346735440992996e-01
1.9160933272491668e-01
-3.2040044025380796e-03
-1.4899323820533383e-01
-1.6727159940065312e-02
-1.2653910954933331e-01
-2.5429178530478846e-01
-2.1698912811903850e-01
-1.8652553101831909e-01
3.4117660984570995e-02
5.6183523970027668e-02
-5.1031474073324457e-01
3.7139286412339584e-01
-2.0535217804899938e-01
3.9193974846384555e-01
5.3769422304542222e-02
8.2512308036442841e-02
7.2205619675449584e-02
7.3237468274546372e-02
7.1241510703603045e-02
-1.3836044537539746e-01
1.7572499552793195e-02
-2.5574994700821800e-02
-1.0439925180717338e-02
1.7262506226048310e-01
-1.5106698739568772e-01
-8.2529592579098560e-02
-1.5952299887571125e-03
2.2542655903696196e-02
6.2878731158402715e-02
-1.9036618340838501e-01
-2.7139058825439016e-01
-4.3709477612006487e-01
1.6897041553817835e-01
7.4510363346886829e-04
4.0305106199168286e-02
-2.1668979572942915e-01
-4.1208953509994622e-02
1.3721727398294054e-01
1.0650358371553471e-02
8.2950652710194805e-02
-1.7076715850865282e-01
-1.7287335336590820e-01
-1.3150961273929965e-01
8.9845174766870928e-02
-1.8664577856400830e-01
2.7234533823866958e-01
3.9085270424015317e-01
1.4419623633220024e-01
2.6459678443863666e-01
7.7620710004401086e-02
-3.0647382410271790e-01
-1.0917175190364245e-01
2.0031498824380420e-01
-3.2782265375597386e-01
4.3102788569378409e-01
-3.3878908888645126e-01
4.1544279850201302e-02
-4.3432131974769739e-01
2.0731912233730876e-01
-1.9425024481576503e-01
-1.0166085379794247e-01
5.6590542430843027e-01
4.0664606844751733e-01
3.1901371274955501e-02
2.0292780131359364e-01
4.1319670036912920e-01
5.3827450239577435e-01
1.2294732558854805e-01
-2.8971039988036623e-01
-5.1477796663394040e-02
1.2433019427278603e-01
-4.5658170959794553e-01
-2.8619453420579971e-01
-2.0478377417982713e-01
7.5148286685079080e-01
-1.5143629457067104e-01
1.0786901962727752e-01
7.5513282133901438e-01
6.0063709491271799e-01
7.9737987404067304e-02
2.9940236406671722e-01
-2.2459547804944235e-01
1.0928220931336496e-01
-2.7303437043873063e-01
3.1353188612130461e-01
2.8223607572316800e-01
3.6979751190253263e-02
-3.7295228890509796e-01
1.4848437440825954e-01
4.2931740112947608e-01
-1.5365155348015080e-01
1.8364460555898010e-01
-4.3708463240256490e-01
1.2921056094054251e-01
7.5236501292316963e-03
-7.2918813379301617e-01
4.2718123787833662e-01
1.7206524536605197e-01
-2.7708702825568049e-01
-3.8329266011533726e-02
-1.7419264810210880e-01
2.4752922066317506e-01
1.6048997495164641e-01
-2.8802800854309590e-01
-2.5547379908613832e-01
1.7559140485009981e-02
4.8389872276178020e-01
-1.1504531667770798e-01
3.6141902623814121e-01
-6.6793173445941892e-02
-2.2224524519283995e-01
-3.1410322503638077e-01
3.6023819847364746e-01
3.0836418831034901e-01
-2.4170669419058327e-01
-8.5086834004703321e-02
1.5651182012690698e-01
-1.1578428036484284e-01
2.5969217760571711e-01
-3.2083040478879105e-01
-6.3135452431463401e-02
-5.4051549826846224e-01
-2.7714292023596310e-02
-3.6977464859912135e-01
6.2151423665175010e-02
4.4196662173646351e-01
6.9769102093382884e-02
1.5267305942702644e-01
-1.2165579090479393e-01
-5.1311015184727593e-01
4.4103064217866542e-02
1.7953129235617850e-02
2.4936240453422370e-01
-1.9572381061461208e-01
-6.5531104981069954e-01
-9.3279871127322045e-01
-3.4443941461645491e-02
-4.1640811940372224e-02
-3.0439109463695435e-01
1.7796578887708123e-02
-5.1803666523664904e-01
4.6942661778328748e-01
2.3941139244936918e-02
5.4682692937245714e-01
-3.8329115114583884e-01
-1.9176192968900833e-02
5.5807194039590946e-02
-2.6323724766588957e-01
8.5251569213424874e-02
-4.8665779847295165e-01
4.3862486248160731e-01
4.9916202839236989e-01
2.1680771219299860e-01
-2.5313812252050729e-02
-1.9424799402286130e-01
8.7825736442178268e-02
-1.3063048054140017e-01
7.0102555412002754e-01
2.5055818687340237e-01
9.8859537681682000e-02
-1.6532264957119813e-01
-2.2632201978773053e-01
-3.5683033051537272e-01
2.0418989987666006e-01
1.0581890920078596e-01
6.2352757799485170e-01
-2.2140387386605698e-01
-5.2725855764220586e-01
1.7646978009861186e-01
-1.1790006507109659e-01
3.7167801957938263e-03
1.9445262372913641e-01
-3.3993143407695248e-01
8.3478984049943458e-02
-4.6484551256789147e-01
-1.1839908599632737e-01
4.4599248361940874e-02
-1.1472099390343746e-01
-3.9976675239178400e-01
-2.6814653210475314e-01
3.0612110904865486e-02
1.6281024038748374e-02
1.0460807086227297e-01
-2.5691418054318982e-01
3.8752484122611751e-02
-3.5554850880772926e-01
-1.0866884614853661e-01
2.4447051790889698e-01
3.5704318729745993e-01
-1.7640412332952293e-01
-1.1515677412006452e-02
3.4080796068900632e-01
2.7073714832422380e-01
-1.3608903381756157e-01
3.4326566384794194e-01
2.5949029583024202e-01
4.2061888599485474e-02
-1.5218727175124802e-01
-2.4430475751807160e-01
2.4948385695154188e-01
-7.5879170593410317e-02
2.3827136231474694e-01
4.8790358882714774e-01
3.9114102269150897e-01
1.1963285418906823e-02
9.4394053991180352e-02
5.2268689409725078e-01
-1.5427296269531557e-01
2.4937251231065802e-02
4.0090333752391033e-01
-9.4920355984570687e-02
-9.6823668930678466e-03
-3.8807958451950614e-01
2.5100123177438188e-01
-1.0127234154246550e-01
3.4066747685607007e-01
3.0514112280751876e-01
3.8166196656750201e-01
4.4157486773498240e-02
6.2353645815935520e-02
5.5945036134766556e-03
1.9025752922223391e-01
-2.0245773399967817e-01
-5.2745958207193444e-01
-1.1017154596032061e-01
7.4068903029350666e-02
-1.2710144721795735e-01
3.6368685441493820e-01
-3.0551614247456554e-01
-2.0385969498841028e-01
-1.1848115276917506e-02
-3.9126048451227752e-01
2.3222997620443042e-01
5.0451139576870963e-01
-2.2289847035949828e-02
-9.5513233391918667e-02
-7.3765947018958375e-02
-7.2762080558457232e-01
3.1402489212936963e-01
-1.3071707509260902e-01
8.3232214480391031e-02
2.1191948258955379e-01
-1.7338317765365485e-01
1.4711133653029358e-02
1.5765462275349881e-01
-7.1424158289766018e-02
1.0460072148009696e-01
1.3134823967682699e-01
3.1909314129223670e-01
-3.5184734685624608e-01
-2.3843957724190190e-01
-1.7223264895064425e-03
4.0702991951421352e-02
1.0437692373872220e-01
1.1366068094032535e-01
4.7762637604211462e-02
-1.0644473847529036e-01
-1.0003538004062082e-01
-3.3882924855339125e-01
-2.0952157553276643e-01
1.5572511126972158e-01
3.9550996210226314e-01
6.4490595819260782e-02
3.5434663887762771e-02
-1.2379545731006920e-01
-2.0316842442610084e-01
9.5215902746849865e-02
-1.7277553952436564e-01
-4.5139692990285800e-02
-6.1278180443706337e-02
-2.2671053666383736e-01
-3.5701195690988105e-02
1.7020965441324445e-01
2.6163843463699232e-01
-4.2185744571137845e-01
-1.1256267271018996e-02
-1.8129974881476280e-01
4.0716978641440260e-01
-4.4553652761125925e-02
2.3819190454832476e-01
3.9732580646166538e-01
-1.0343343333000669e-01
-2.2680453903963946e-01
2.5393998290578279e-01
1.9054333786991695e-01
-9.5964958955967350e-02
-4.3566883005503869e-02
-2.5938715558191872e-01
5.4437673573484158e-01
-1.9578539346885029e-01
1.5234396286080354e-01
-1.3500919189763605e-01
-7.4947683430245396e-02
-2.6105666974524522e-01
1.1706957392578067e-01
2.2264505181505308e-02
-4.9653570630327049e-02
-2.6910776141930365e-01
-1.2657349625613190e-01
-3.3615799336669257e-02
-2.2009276370201658e-01
-1.5060239275858467e-01
-3.0553733614329026e-01
6.5797993094120155e-01
-4.0407764601810153e-01
-2.1251015562233556e-02
-1.3770146967249938e-01
9.4781398014115115e-02
-6.4098224026381234e-01
3.8635763786073929e-01
5.0957593750521606e-02
-4.7926412646205852e-01
4.7927687737390416e-02
1.1984597011377275e-01
-1.1257186680531310e-01
2.4111759664802696e-01
1.2932638141859512e-01
1.2705987908326738e-01
1.2383768225005104e-01
3.9240555300582847e-01
-5.1489181820787977e-01
-2.4966615387869379e-01
-8.4755572072833643e-02
7.2799283551505362e-02
-5.8432166800326792e-02
1.9375319415755934e-01
-2.6739891886201683e-01
-7.0559611125370833e-02
1.8553929397799612e-01
4.6785621385158294e-01
9.2936223116649272e-02
2.2813347950471369e-01
-5.3071276547526469e-01
-4.0000765651624803e-02
-2.6222023692698765e-01
-5.3265646843384487e-02
6.5800629234305463e-02
-2.4967215446953275e-01
-5.2694324742025156e-01
-3.7519439773108004e-01
2.9053118441224474e-01
-8.1920486691268640e-02
2.9724362462653225e-01
1.2005239397165447e-01
-1.0686954024951988e-01
2.6892022979379182e-01
-1.6931785499057470e-01
3.4386531928720182e-01
-1.8499469908606536e-01
6.7620551483376923e-02
2.4242799395707282e-01
-2.9013267622727956e-01
-3.1735880519320817e-02
2.8656789946394234e-01
4.5817132203318300e-01
2.9940134291835185e-02
-1.0674748927993534e-01
3.3519828018629844e-01
-6.8426190375525497e-02
-1.9446443998686148e-02
5.4772527588759401e-01
2.7813885008809314e-01
4.2209745785142117e-01
6.2602754612088030e-01
-1.3913110927501847e-02
-2.5428605862536863e-01
-2.6505610949751734e-01
-2.4888859095026919e-01
2.3026990108286224e-01
2.7281571810457206e-01
1.4702954398766852e-01
9.5174639845985981e-02
4.5942837889801502e-01
-1.1747828114147220e-01
-1.6521323143882341e-02
-2.3084000080705291e-01
6.1969527760631325e-02
-2.8282215375940339e-01
-3.9146553093794362e-01
1.1793442241004871e-01
-2.5395582491546942e-01
-2.2021584696617116e-01
-8.0057954980445073e-02
-2.3125257146842032e-01
4.2116086721759677e-01
-2.8954976383387598e-01
5.1191084804950202e-02
9.1374952370648077e-02
1.5659495766306572e-01
-3.7108615739060175e-01
1.2508871931948692e-01
-2.2813405778941359e-01
-6.5969858086604620e-03
-5.2417544995283949e-01
-1.6554061364516487e-01
-2.0228008614673146e-01
1.6554236951753834e-01
-1.9679979874574732e-02
-1.7207333485857765e-01
-2.2263780326187324e-01
-1.1141318285244413e-01
2.5367472210020009e-01
2.7246608384923016e-01
1.9071647814022913e-01
-2.1867499756348246e-01
2.8494344667193439e-01
-2.2743555946752439e-01
4.5179208304499993e-02
-1.2346591294300971e-01
2.1320578369662866e-02
-1.6360405079800724e-01
1.4361581944009033e-01
-2.1508405161060648e-01
8.1858331420442665e-01
-6.1677385280507820e-02
1.8810091981459770e-01
3.7589301353926866e-02
4.6770687943763073e-02
1.8497018154710304e-01
3.6454077853173034e-01
-1.9133600798522546e-01
-2.2808457062905119e-01
3.7317473516810085e-01
-3.4832242292607551e-01
1.5900866056777849e-01
5.7318350292104159e-01
1.5501199591096421e-01
-3.4301809752302986e-01
-1.8143818674047940e-01
1.3119515715185454e-01
3.9260154538863673e-01
-1.3664012169321520e-02
2.3530008947726860e-01
-3.1798801366649604e-01
-4.3131472063761617e-01
-1.7817247174959294e-01
1.8520683216398957e-02
5.8705287747534252e-01
3.2636093431828345e-01
4.2281356720013535e-01
-2.9223755054677042e-01
4.0442451852655777e-02
-1.3110746340451410e-01
2.4190773345135019e-01
2.4906036995549327e-01
2.0110114997349252e-01
-9.7974052991442795e-02
2.6805816468308413e-01
-2.6934450663230008e-01
6.3061670605097297e-03
-6.4008899478611256e-02
5.5750139213562910e-01
-3.6719596653430819e-01
-7.2090151057690677e-02
2.4926532925299939e-02
1.3513031651724064e-01
2.2268028649337515e-01
1.2541112913890864e-01
-3.7392684952656913e-01
-1.2501907445818142e-01
2.2538040614631524e-01
1.2440081021717017e-01
-5.8515732570010442e-02
-2.1093687605199982e-01
3.6118500179907531e-02
-5.0407845196029888e-01
-3.1801408076829274e-01
-1.8813402381998837e-01
-8.5416265011636039e-01
-1.4057740871634178e-01
4.0208724620152564e-01
-1.2382966016629743e-01
-2.1025132409705544e-01
-2.1008040135432940e-01
-4.5391016439182208e-01
5.2350406154591231e-02
6.6726605322601626e-03
-1.7294617854841612e-01
-3.9626589016485481e-01
3.1646873262533298e-01
9.0107156777698996e-02
-2.0984957437981092e-01
-3.4707187005062129e-01
1.8322438935068139e-01
-1.7642711187342297e-01
-4.1563556495948895e-01
-5.7232701506376527e-01
-1.5710641976504464e-01
-2.4612038597113625e-02
1.6029485974943311e-01
-3.1861624222087143e-01
1.8535668901590138e-02
1.2646333506014115e-01
-4.0882482735364956e-03
-5.6644251238090682e-01
2.2908094085375921e-01
-4.6083026716905801e-01
-5.9308646244807284e-01
-4.5531284092480145e-01
-1.2350779556434337e-01
-5.9918990256355775e-01
-5.2291760775215662e-02
1.8187146997791642e-02
-8.2012814996039934e-02
-3.7544891061475288e-01
6.0902545798159131e-02
2.9697827590699954e-02
3.9712327480664195e-01
-3.3961606129322625e-01
-2.5302453835785521e-01
1.8288459239569449e-01
-4.8928287203496068e-02
-3.2029355405819727e-02
-4.2351663076067164e-02
-2.8446274667760701e-01
1.9236981661203589e-01
-2.6526026804679559e-01
-1.1826073055369830e-02
3.5624772491784912e-01
-2.5665101513783734e-02
1.9821385077875645e-01
-2.2513196625719281e-01
-1.0819142037924086e-01
3.5336127750972818e-01
4.2442576952163275e-01
-2.8892721171976188e-01
-1.7583727084631598e-01
1.0116935666496443e-01
-5.8569039222614319e-02
-8.2163135258947043e-02
3.0404198364369889e-01
1.7278117588003536e-01
-5.8664533306019631e-02
-1.3779817187136056e-01
2.4457036484936603e-01
3.7020417397323657e-01
-1.4567259314666567e-01
6.1563972209658924e-02
-3.1005361283976629e-01
-1.5829155001222578e-01
-9.2594331781028966e-02
2.0035625321103798e-01
1.2697587087417730e-01
2.1807871285950187e-01
-4.4164702636143090e-02
-6.0627030790106541e-02
-3.4171260235902556e-01
-2.1354396937885461e-01
7.4989200015440835e-02
1.4573649281494108e-01
1.8204739694362544e-02
8.3332539338402720e-02
-1.2647297905462557e-01
2.0641290549604330e-02
1.7252128953146831e-01
4.6772757283717370e-01
4.9455195256593065e-01
-1.3829091883167881e-02
2.1733357626585401e-01
4.9554212471988372e-02
2.3235078854044114e-01
8.9693453613379992e-02
1.2568935559247751e-01
-7.1953382160794221e-02
4.0713585060650884e-02
-5.2240434069325558e-04
-6.6768448179192350e-02
2.2456890280916139e-01
-3.1128890433609091e-01
8.3059263088640256e-02
-2.6356817083295286e-01
-4.4699533835316940e-01
-2.2595619376142208e-02
-2.5188236966806776e-01
3.9096563175416515e-02
3.0453516675149722e-01
-6.7884511122715332e-02
-4.2586030234925643e-01
-1.3809054018914660e-01
-1.7989334922897782e-01
1.5906463780283750e-01
1.0745308732142831e-02
1.8454592312099091e-01
-2.2336224772307352e-02
5.4085086293852988e-02
-6.2726036365455606e-01
2.1755540518111613e-01
-5.6696025543017414e-01
-3.9737761826564033e-01
-1.5634067656238609e-01
3.2093650040363415e-02
5.2359691539262884e-02
3.0622973653138510e-02
-2.8299426078222273e-01
6.5230524540565216e-01
2.1314128160047521e-01
2.4726998257541258e-01
-1.9830041854791047e-01
-1.9333089762669711e-01
-2.9221837042794463e-01
2.6230354717945287e-01
4.6251907316018853e-01
-8.2537054195707768e-02
-6.0923269211405595e-01
-4.0447286605887905e-01
-3.0553571562834142e-01
-2.6265989295266353e-02
2.5774056817883212e-01
2.2110273203288111e-01
3.7089686890508605e-01
-4.8221497633798938e-01
4.5516949263866208e-01
-1.0826455307401299e-01
6.8906542553744010e-01
-2.2574312490716281e-01
1.3863471476263528e-01
-2.3719189612999433e-01
-3.0128265267651910e-01
1.8178544032812702e-01
-1.0538050280863902e-01
-3.4552554349451925e-01
4.8766492633797554e-01
-3.3166572859095833e-01
1.3538188932473347e-01
-1.2827372785854829e-01
7.8019895481270848e-02
3.0038865040364887e-01
-1.5075078828775820e-01
-1.3938943067447007e-01
3.7922182597614845e-02
5.5181050827519729e-01
-2.4844842223072379e-02
8.6854443958901240e-02
-3.4019619862620165e-01
1.9953297498533762e-01
5.0362263111563388e-01
-8.2491486945067360e-01
-4.9471770526545472e-01
6.9282316601223831e-02
2.2247805312802654e-01
2.2894383872322627e-01
1.9779265428694401e-01
1.1855847731212866e-02
-8.8509713970392548e-02
-2.4451473641666588e-01
-4.3564758050915525e-01
2.1879975173091929e-02
3.5862376000919960e-01
9.5301436372775244e-02
-3.4226126994763233e-02
-2.4371547970777263e-01
-2.7862901477290047e-01
-2.5804093963547048e-01
6.9158898317894213e-01
9.5862892627536344e-03
6.1978855002599365e-01
-5.6558115445158194e-02
3.5353256252573018e-01
-1.8882360456392788e-01
-3.6977661120737519e-02
2.8970974279985337e-02
5.1776265945568334e-02
-1.2676547534054777e-01
-5.3796210882899598e-01
2.3772753606768399e-01
-1.4085072407322349e-01
3.6710703028714631e-01
-7.6253895638372426e-02
-1.1856614842993425e-01
-4.2232428656720988e-01
2.4397308472833285e-01
-7.0659512312115216e-02
4.0230744764885984e-01
1.0155503054466240e-01
-1.1623278376167166e-01
-2.2635631755129962e-01
-3.7877237419419001e-02
7.4889283801773579e-02
-3.5890627481881704e-01
-3.5058539973536634e-01
4.3694801063501501e-02
-6.7375833209747293e-01
-1.1790112369730515e-01
-1.3726068893366458e-01
-2.0074509605402882e-01
-5.1104014160892686e-01
-4.1339448736622242e-01
-2.7183141882447198e-01
-1.1303756214842170e-01
4.4063963991024940e-01
-1.6901632490603674e-01
6.5739132590177191e-02
-4.4616787142342579e-01
3.6811309449344763e-02
-1.1956823731261253e-01
1.7847559933424148e-01
-2.6897181778770396e-01
3.4714385152144889e-01
-1.0646800114251204e-01
3.6519584325178773e-03
2.2179521986149889e-01
5.5149637198539048e-01
7.0284756855548927e-02
7.7229228176885753e-02
-5.0941191563944621e-01
3.6137845966807308e-01
9.3334743495335035e-02
-3.8982178443270499e-01
-1.6832586647408374e-01
6.4339604374285708e-02
-1.2788302371662255e-01
-9.8924090259079819e-02
3.6795944001786506e-03
1.1292900043541033e-01
2.9404925306995779e-03
3.2963867540061192e-01
3.6431151312090293e-01
3.3460707884999941e-02
2.9386031311671407e-01
-8.0212800694379027e-02
-2.4851734929358607e-01
-2.9104221117782780e-01
-9.4203474842658577e-02
5.6844090284628064e-02
-7.1272831387270918e-02
1.7712177687645264e-01
1.2813658595180938e-01
2.1756759495145173e-01
1.3735901201928585e-01
1.9085635089292236e-01
4.7122084424506699e-01
2.7975904442212296e-01
1.3289568738452151e-01
3.0761127404216510e-02
6.4799552035684682e-01
2.1799978801450925e-01
-1.8489652789037962e-02
-3.8822741496449703e-01
8.1870935838891892e-02
3.3467679641961734e-01
-1.6395148258907435e-01
-2.5948845509487600e-01
2.8047836966364137e-01
-2.6303056993188878e-01
3.2700294996320450e-01
2.6421282140028157e-01
-4.9957483997560677e-02
-9.8337176344559143e-02
3.1924101659480392e-01
9.6594329016013378e-02
-3.9895399309410673e-01
-4.4671975921535240e-02
2.2354442761133533e-01
8.4494629577981373e-02
-8.4693911798361700e-03
-5.4216960152651983e-01
3.2051258464376647e-02
1.3923280606354788e-01
5.8425906994150034e-01
-3.4513089678864545e-01
2.6052781575519640e-01
-3.0055270338727358e-01
1.9372837205466523e-02
8.4530416750524598e-02
1.2113126799478909e-01
1.6683267316034786e-01
7.7585266459051616e-02
-1.7103872676200768e-01
1.2281219721709941e-02
5.1813439186960331e-01
1.0210065572473889e-02
-2.7422935005825422e-01
4.2754940342340947e-01
-1.2528129772412297e-01
-2.7016135754335224e-01
1.5688257393808927e-01
2.6116526638487739e-02
5.9817310655763156e-01
2.5042673574382013e-01
5.5068468132897438e-03
2.0363676393452301e-01
-1.8398035182771746e-01
1.0427911489097715e-01
-1.5030533770511628e-01
2.0178803056316555e-01
-3.7604759215147754e-01
-2.1499267712646397e-01
-1.0320855849444950e-01
-2.3086258136582219e-01
-1.2915627367060675e-01
-9.2887230613509675e-02
-3.1609766480478729e-01
2.8023670197335043e-01
-1.6942089903054830e-01
1.8251886842351639e-01
-1.0764972197991549e-01
-1.3601038019317424e-01
1.2428751921148243e-01
1.6377306385291823e-01
-4.8007511395607427e-01
-3.6573422309251485e-01
-2.7091894166771674e-01
1.8246189649730016e-01
-2.6516147393764949e-01
4.2701639607481723e-01
3.3818659136510318e-02
-3.8148288635720562e-01
1.0897321910109514e-01
2.7342034980903065e-02
-1.8365769954640773e-01
1.9911713404213235e-01
-3.1200207166828764e-01
-1.4848999868153770e-01
1.2404520251139421e-01
-3.8026605422862098e-01
-1.0744804949402274e-01
1.5569788117016267e-01
5.2481118482960359e-02
-1.3342256320204007e-01
-2.5526638430730242e-01
-1.3639141878693117e-01
-2.2672733446798866e-02
7.5184655186320337e-02
-3.7692296236663236e-01
-4.0304415373157093e-01
7.3648534385328132e-02
-2.9867517531041715e-01
-2.5677999321523787e-01
4.6486425615074484e-01
-3.2411199664656648e-01
-1.0460302691030905e-01
-8.8915568151532495e-02
-1.0952937669275603e-01
-8.5943253609377393e-02
1.6768517941300923e-01
1.8574919345745364e-01
-2.5816565353769505e-01
-2.2540472731951869e-01
3.2061196072129999e-01
4.3339348744930679e-02
-1.7093104010166246e-01
-7.7145663248255447e-02
4.3383404219902644e-01
-1.3706999160007569e-01
1.9468237835342608e-01
8.3607363255774100e-02
-6.2503400363819938e-03
-3.7059210716396113e-01
-1.4655530835421333e-02
1.4547690527953144e-01
2.4510733236180160e-01
-1.3870267005297932e-01
-7.0432472026222591e-03
-2.3011178142970770e-01
-5.4218054336973479e-02
5.9637190286197302e-02
4.1005752627939868e-01
6.1898767183043685e-02
3.5331335136264996e-01
-1.4515672267257176e-01
-1.2136043308306643e-02
-3.3004089142121285e-01
-4.5846820714263214e-01
-3.2787464226670898e-01
-1.3774471254954831e-01
1.5215191649180695e-01
3.0680847395345462e-02
2.5502888135736240e-01
1.0164582255405274e-01
-1.9106412567920666e-01
3.1104892054068556e-01
3.8542608132745271e-01
2.9346996842580020e-01
-1.1413657068790645e-01
-3.4674984476696334e-02
3.0447280082912381e-01
-7.4414928229005417e-02
1.7930966847053489e-01
9.5737182963997899e-02
4.9686070695784929e-01
-1.6266695578127165e-02
-2.3582349204632760e-01
1.4613765573368356e-01
-5.8735484954703077e-01
-1.3724980800261324e-01
7.2871760243048062e-02
-6.3991498202545224e-02
3.6596129973076424e-01
-5.8820244586013969e-03
-5.6725464513022088e-03
2.4506010360530750e-01
-2.5315128126347392e-01
-4.5523919484822356e-01
-8.6473493929746667e-02
2.2489406790391769e-01
1.2822981849197532e-01
2.1504599693774873e-01
5.7876343657837157e-02
-1.6802936287627854e-01
-2.7255225715066755e-01
-2.5098006618110569e-01
2.5995888028296055e-01
-1.1061875042152750e-01
-3.7961410248382227e-01
1.1630870037557828e-01
-2.7451198511159958e-01
-2.9565264823581261e-01
-9.8608667179661241e-02
4.6192588661278405e-01
1.0663992480835796e-01
2.6125059080775215e-01
4.1809163300530239e-01
5.9773404366606437e-03
4.3203470926691817e-01
-5.2725098995866859e-02
-4.1561856322386642e-01
-2.3887820667770263e-02
-2.3325032232246534e-01
-8.9935280570884776e-02
-8.2427971394972953e-03
-6.6936652363849491e-02
-2.7531901412117554e-01
-1.0463252270661440e-01
-5.0548784666115720e-01
1.5812530274707748e-01
1.5053876499158267e-01
-6.7294401787635988e-02
-4.0577545699864270e-02
1.7040801330471164e-01
3.2973738390635943e-01
-7.3441378993034337e-02
-6.8347095770553548e-02
1.1509600882796173e-01
5.7095647285861899e-03
9.7209422413430654e-02
2.8491163187474844e-01
-2.2615457450725110e-01
-1.3864653787588363e-01
3.6515750467192454e-01
-3.8667994900132535e-02
1.6023805289470540e-02
-6.1815459891294100e-01
3.8828924576549023e-01
1.0944280596555044e-01
2.6577001207777456e-01
3.1441006761739321e-01
5.4616026870651646e-02
-1.3642074856020207e-02
-2.1581861094943317e-01
2.3500164832227394e-01
2.4545733235921877e-01
2.0782541540823002e-01
-3.2788518048995946e-01
-2.6562585126522431e-01
-2.1752765313608886e-02
2.9865300204914486e-01
-3.5672072621388640e-01
1.8147543783453218e-02
1.5317632668828489e-02
5.1384056953041901e-01
1.2409691821717091e-01
-7.4992930945923825e-02
-2.4596106023621109e-01
-1.6607018092384403e-02
5.5291267270828670e-01
-4.4915930577460855e-01
4.1207845613072386e-01
-1.8032086597332125e-01
-1.4383122223800476e-01
3.7104156153886714e-01
3.8664447473776659e-01
-1.8689447920239652e-01
2.8392679329286302e-01
-3.5092941665891886e-01
3.3552411488399198e-01
2.9223704625274960e-01
-1.2077435289575071e-01
-4.4019693789060582e-01
6.5483597156150458e-02
1.0474020746723062e-01
3.6503721820955648e-01
1.2930743021075657e-03
-2.2951863690401580e-01
-3.4316641893103389e-01
7.5735564292238017e-02
3.7652176319991859e-01
3.7567649617824511e-01
1.4130259677622309e-01
2.6936398297423886e-01
4.2197645813330809e-01
-2.9988670486529712e-01
-9.4613088160242845e-02
-1.9687641922612625e-01
-3.7083245319378022e-01
9.1000000378293255e-02
6.2482968421416811e-02
4.7009610147146379e-02
-3.1763250339921195e-01
1.5659735180843404e-01
-4.0033029142116366e-01
4.1431596908526003e-01
-1.5966451565580183e-02
5.8032564130465902e-01
5.6485501806419758e-01
-4.6617354959939616e-01
3.6027872080386841e-01
-9.6274002709472173e-02
-3.4170511014495858e-01
-1.6182135152985194e-01
3.7378302077329489e-01
1.8925189004023049e-01
2.2452887162314844e-01
1.5458975981148868e-01
2.0581909909544263e-01
-1.4848154059806051e-01
-2.0331338630226656e-01
2.8977894840212437e-01
-6.0216219802899074e-01
2.8005647932109490e-01
2.9921661462735916e-01
-5.4098019111698736e-01
-3.9238896035960769e-01
-1.5515292983595558e-01
2.5853311889894676e-01
1.5647756482864868e-02
1.8501653776038984e-01
4.2887433961837938e-02
-4.2722942415979143e-01
-2.9058542193580222e-01
5.3966782641451300e-02
1.5259199489060937e-01
1.3973473831307234e-01
-9.4847819415238968e-02
-5.9730184078674087e-02
3.6742598705371871e-01
1.2239476878369182e-01
3.0504297108476325e-01
-1.9191211538856076e-01
3.0223663869678355e-02
1.6449663051781842e-03
1.1095779529487000e-01
-1.0656771738859591e-01
1.6199446460899422e-01
1.9598979717267703e-01
3.4003510562408118e-01
-2.4257340596611404e-01
-6.2645167318059369e-01
1.9330422599190250e-01
2.0191190073956772e-01
8.1596053385285430e-02
-3.1347199527351199e-01
1.7444865929480299e-01
2.5621420088076985e-01
4.1512013747985982e-01
2.1552788476271745e-01
-4.5454702483705522e-01
7.5794573128826226e-01
5.5499831681465750e-01
2.2850989804802907e-01
-1.2570879462771978e-01
2.5367676688330260e-01
-4.1339933764838926e-01
9.7318088194019617e-02
-1.5625091180719178e-01
1.1722249560021934e-01
6.1979696006351970e-01
-1.7424180404119394e-01
-5.0877158178358128e-01
-4.0423483462253740e-01
4.2005224345984749e-02
-1.8706849583459897e-01
4.0832809991175434e-01
5.3507431833583852e-01
-4.9978149652491483e-01
6.1267273815062528e-02
-1.8867644608784932e-02
-3.5374546466036733e-01
-3.1682106276831989e-01
-2.0152910544433567e-01
7.8153560780116926e-02
-2.3215824036570312e-01
8.6722518736934456e-02
-3.8735737955494126e-01
4.3100654962506163e-01
2.5432234845277044e-02
4.1821830384322273e-01
-3.7454864729007234e-02
-2.2465473836948752e-01
4.5044790147624990e-02
2.8550446475271618e-01
1.5650148492906399e-01
4.7935781161818541e-01
-3.7523206816468413e-01
1.6906615466725181e-01
2.2298900039902581e-01
2.6012697681015134e-01
4.2454199673054360e-01
-1.8548439774083886e-01
1.4606047576022099e-01
-4.6349066222962015e-01
-8.6477827662769208e-02
3.9993760231343378e-01
-1.0840734936763628e-02
5.4172563158532483e-01
-5.0170151870506707e-01
4.1130474054978028e-01
6.0724435390776099e-01
4.3090850545144810e-01
3.1866945292821303e-01
-2.4549789308468098e-01
6.1950354023725351e-01
-2.6619671406858308e-02
-2.4379061006140759e-01
1.0910095074666889e-02
1.2306816637496686e-01
2.5796684037675519e-02
4.3609676705118111e-01
-4.8802628219422034e-01
4.2154874636541068e-01
-5.1219389940244864e-01
-2.9907863252900832e-02
2.2846740289016983e-03
-2.4944750124979409e-01
-3.7787150986350754e-01
2.4974513421836811e-01
-4.5127960647320953e-01
8.1441764495611094e-02
1.8852530614410423e-01
2.6715505755566262e-03
4.3257739972138609e-02
-2.0735215910658164e-01
-2.2375796101833825e-01
1.2110782139185756e-01
1.3761530411305356e-01
1.6864267824772997e-01
-4.4426890947735075e-02
-7.8612671862305899e-03
-1.7829817934021969e-02
-2.1227992844743385e-01
6.0386371158473928e-01
2.0473400039538209e-01
3.7550626770162304e-01
-1.1738293302747159e-01
-2.6682984597717280e-01
3.1818790667699615e-01
2.5103458648709352e-02
3.3092729792750047e-02
2.4914541201642937e-01
8.5017801981343316e-02
-1.8997316915751625e-01
-3.5064956318028639e-01
6.8738307695133333e-03
-8.5798410707594655e-02
-9.2948239719355369e-02
-7.8796844715087494e-02
1.0095905671586140e-02
2.6874905090987145e-01
-3.1233666627975237e-01
3.1102156970638684e-01
-3.2945696712292838e-01
2.3101412166725385e-01
3.8300421602744977e-01
3.4746553700641364e-01
2.4756325123464284e-01
-1.3012861199161166e-01
-2.1916592812270891e-01
1.3847352309813784e-02
-2.4384936365959950e-01
-4.1307768946860857e-01
1.4403349484757144e-01
4.3918368192892188e-01
-2.5603879683599973e-01
-2.3657730402706156e-01
-5.4320018699482220e-01
-1.1802144842039614e-01
2.4044692148975325e-01
-2.2951406365435978e-01
2.5164186230522467e-01
4.8790650044919226e-02
2.3434116491151694e-01
-1.4492476495572149e-01
2.6445459515158923e-02
-6.7481086710468197e-01
6.8349833728422946e-02
-9.9361934018550157e-03
-2.9278403124738277e-02
-1.6704688089107583e-01
-2.0010350529370002e-01
1.4315256906639093e-01
-5.2757723979666535e-02
-2.2845495647339346e-02
2.8128769467649195e-01
-3.2380304709335689e-01
3.3157842607715166e-01
-1.8672505207489276e-01
-1.3451759104412070e-01
1.8631589979424995e-01
-2.7256951429879117e-01
2.0929099979888507e-01
1.8005488581161788e-01
-2.1589001805477449e-02
1.8440333013506804e-01
-1.8615480353698716e-01
-2.0553065073006034e-02
-2.6080325789233005e-01
1.7377318979245487e-01
4.9629296241849008e-01
1.7665955073262590e-01
4.0044867623444608e-01
-1.0759457730536773e-01
8.3009930135517253e-03
1.9632735383904878e-01
2.9391408666448950e-03
3.7177476758373512e-01
4.8200485886960787e-01
1.3423220767977445e-01
3.2992341523483176e-01
-6.2058632565882532e-01
-2.4070379880721210e-01
-2.2878866611221998e-01
-2.7360850913268808e-01
3.9141601647323804e-01
-7.7665100025755454e-02
4.0478528847165846e-01
6.9147255728054177e-02
4.4463664308215273e-01
4.1785629809976427e-01
-2.1463473433057284e-04
-8.1957046664701572e-01
-3.6103813383536909e-01
2.1405227751391817e-01
2.1497780153628296e-01
-1.3705150817808184e-01
-3.1817950392827266e-01
-5.5751305168772036e-01
-4.2963642497583493e-01
4.0890888935508206e-02
3.8434879541757178e-01
4.5537581799252308e-01
3.7332359761697637e-01
-1.4480048094446096e-01
8.9005874264140888e-02
-1.3773591773533331e-01
-5.0235385504325700e-02
-4.7147403893855522e-02
-9.7731394533602384e-02
4.1395667618047367e-02
-6.8979726970049482e-01
6.5782513195262377e-02
2.3342678402036091e-01
2.9181884526607121e-01
1.7433648189579684e-01
-4.4959382657020985e-01
-6.4808523228756479e-02
-3.7343283985050268e-01
2.5230506902365689e-02
-1.7669368764976656e-01
-4.8131456688825697e-01
1.8904897141119034e-01
5.5513842671625763e-02
2.4878621874473786e-01
3.9682828899871692e-01
-1.3838165489394449e-01
8.1500598198916502e-02
-3.0040183232995560e-01
4.4128912629278189e-01
-3.4329838665652444e-02
-1.9917244866744971e-01
1.7416833100072082e-01
6.9576718998530462e-01
-1.3879501035318056e-01
-5.6823632392963896e-02
-6.1227995100664001e-01
-1.4766683961578306e-01
1.0075388949231041e-01
4.8665207624265566e-01
1.8522509692322944e-01
-1.7782830985748596e-01
-7.1186421718448002e-03
-2.6911655157958014e-01
-3.1865398453979110e-01
-9.0491840190304007e-01
-2.2050931053256470e-01
5.5080740421809693e-01
2.0793489872000145e-01
3.9319626646431022e-01
-1.9580511536097617e-01
-4.0120583471877397e-01
-1.9367006691811423e-01
8.5006372851529052e-02
3.5495649423504588e-01
-2.7538246958341384e-02
-2.5627162483148652e-01
3.7166844306473906e-01
4.7741468988331093e-01
3.6194385463587303e-01
4.7672669906180848e-01
1.3794282702552637e-02
-1.1221593071375498e-02
1.5316626038051209e-01
1.9131966878511855e-01
6.4141290328007125e-02
1.8487663457788428e-01
-2.1417589371647658e-01
-7.5855568750764893e-02
-1.0389580697283514e-01
2.9213489463171621e-01
2.4050741928579594e-01
-2.1495704491272069e-01
-2.2744844732621111e-01
1.1184554496685914e-01
-2.7894541416115420e-01
-5.1680216781319543e-01
-6.8003044722909703e-02
4.1804873861882155e-02
-1.2711403414582068e-01
1.9802188159702386e-01
4.2493731872541289e-02
4.0844824241951141e-02
9.8821014091339032e-02
-6.2680102390738246e-01
4.4692300490247783e-01
-4.2396061115001500e-02
-5.1695722084618012e-01
-2.2027743353323595e-01
-4.6896654920601794e-01
-3.5561645179162014e-02
2.2016227312569669e-01
1.3198811477498157e-01
7.0157873394281600e-01
4.9018493379910832e-01
1.7733059391530337e-01
1.3319971993220123e-01
-2.9066198247722962e-02
-1.8991983626088380e-01
1.3537482539310536e-01
9.5737422825773702e-02
-3.2698416653555917e-03
-1.3187554310793065e-01
-5.8580634261150655e-01
1.1937851579434144e-02
1.6960301537775899e-01
1.6383215876594520e-01
-1.7287714713463131e-01
2.4550231499423875e-01
-2.4664723173687320e-01
-5.2255365115424487e-02
-1.8301673664048523e-01
2.1781169170555603e-01
-3.4278772763268084e-01
-1.4361795889928275e-01
-3.1724605193602190e-01
-3.9160303352248599e-01
3.9575179092990187e-01
3.2898867173391621e-03
7.5139658942741758e-02
6.6879592436819360e-02
-7.6068798464700194e-01
5.4396110178938507e-02
-1.5397129404909851e-01
1.3866823067014178e-01
-5.6775061483829459e-01
-1.1653120484178474e-01
2.5992041006456329e-01
-9.6180974902764740e-02
3.1654021407919403e-01
8.6560311929117076e-02
4.8512161615838362e-01
-4.5761232454878659e-01
1.9014257555279307e-01
4.0665939067131129e-01
-1.8069094611975647e-01
-9.4596603317828476e-01
-9.8505724216395724e-02
4.1561210138072896e-01
1.8411428990045231e-01
-1.9094440461243165e-01
-1.6289679818215180e-01
4.8376291593143342e-02
1.5631815042378996e-01
2.3243469849079507e-01
3.6207207826765292e-01
-4.8210394280630176e-02
4.6230695502892677e-01
2.8505883694610362e-01
-4.9301247810430315e-01
-2.0876971709036837e-01
-6.4331307963846884e-01
-2.6933255962303171e-02
2.6664519420798727e-01
6.4548492146897718e-01
-1.8234886115488441e-01
6.1312431615441010e-01
-4.7234818146713847e-01
4.9357230328040909e-02
2.6833500576832714e-01
6.3488304064405837e-02
-1.9357273532456926e-01
-6.1745385757164487e-03
2.0351267175347204e-01
4.9807595956653405e-01
2.6873397233583046e-01
-2.3254877003586100e-02
-4.0830416317565871e-01
4.9261022817718930e-01
4.2796962673234412e-01
7.2812071952410282e-02
1.4295715544577475e-01
-3.5710449516181614e-01
-2.0310168333660145e-02
-2.8537861389086838e-01
1.8632604283409795e-01
2.4972251066154627e-01
-4.0145310784016963e-01
-8.8496594525922651e-02
2.0005484286164488e-01
-5.9384135377477043e-01
-6.7245077896191985e-01
-2.0874747472735786e-01
-3.4608358110434667e-02
1.2407287003778594e-01
1.5972378974251833e-01
1.1699021584132563e-01
-6.5601660938733053e-01
1.2876877227960978e-01
-7.3822259478869467e-01
5.5783291621604170e-01
3.6431533974662489e-01
-2.1609028805545771e-02
1.6945565822508535e-01
-6.5716266084681993e-02
-4.5641900104480848e-01
1.0083412295319175e-01
-4.9183023145402049e-01
5.4707072921088451e-01
-1.9357450296647657e-01
-3.6240245878926730e-01
1.3854775773741479e-01
2.1588319473763812e-01
7.3207541825886707e-02
2.8003464073505396e-01
-2.4527011007683000e-01
8.0949137119798689e-02
-8.1020412384056675e-02
6.4731553578284945e-02
-1.7626897464620866e-01
-2.4948147079826954e-01
4.7662513653142738e-02
-6.0867405769894489e-01
-5.5756175334626408e-02
3.3763202085862176e-01
-5.9913319408862825e-02
3.7360838434969429e-02
2.1797957414554717e-01
-1.6856017217651612e-01
-1.1583671382777806e-01
-7.0793892029222691e-02
-9.2004032993153767e-02
5.3621749340069559e-02
-4.1400373984199612e-01
-5.4563699751871353e-01
8.6779241570916876e-02
-2.1136086397848713e-01
1.7055672351805065e-01
-1.6852440784396025e-01
1.6411610272074373e-01
-7.1902582905397179e-03
3.0635303212172826e-01
-3.3646034891302322e-02
1.2068839079554587e-01
-8.2709302454227404e-02
5.5137701268236548e-02
1.5609198115226272e-01
-1.7497472324869509e-01
-2.5263955951807381e-02
1.7028300414559669e-01
-5.9989691732150940e-01
-2.1451905093218954e-01
-1.2342485615304515e-01
-3.6667245560311035e-02
4.0170996360337857e-01
6.1494545597852987e-02
2.5505965280326887e-01
3.5815996394175326e-01
-5.5941479488315315e-01
-6.7630848776792030e-01
-3.0688173592462864e-01
3.1574010654790513e-01
2.6807104065828563e-01
4.3329777738172082e-01
2.5162064482230756e-01
1.3928902659647069e-01
-3.3325110690723131e-01
2.1030839397743272e-04
-2.5815976063647222e-01
2.1130838824201414e-01
2.1643775048089381e-01
8.6598717775025202e-01
-4.4223140018422080e-01
-3.0358274295343068e-01
-5.0091584485551521e-01
4.1098963231990704e-01
-4.6878947224756232e-02
-3.0417526340407952e-01
-2.1499720386754118e-02
-4.3583061247755422e-01
5.0819036704005871e-01
1.7381244878509480e-01
-4.8372806606135840e-03
-4.6834966061203720e-01
1.9287635276126619e-01
-5.7127596162425472e-02
1.1354819612972913e-01
-1.6415629113342223e-01
-4.2480383433584357e-01
-1.7407972300648120e-01
-2.5285618781726260e-01
8.8991707126756414e-02
-4.6295296036261080e-01
1.4972860518026837e-01
3.4244405548999601e-01
-6.1275240341223591e-01
2.7234423720698014e-01
-2.2566871476584380e-01
-1.4730446646711798e-01
-2.1177856515498868e-02
-6.4730590710334246e-01
-2.2094142554172055e-01
