tensor
4 
3 5 1 11 
1.4197161362733246e-01
2.6742665920722686e-01
1.1514461676350408e-01
-3.4024745176378046e-01
-2.9675538549482794e-01
3.6230275920972704e-01
-1.2662807114060762e-01
-1.5470091419903337e-01
-1.6149176295343848e-02
-3.0220227012888082e-02
3.0238072659334081e-01
-6.1982363966883747e-01
-1.3280389932458664e-01
-9.4528570954797775e-02
2.6170224162123129e-01
1.8216959084985410e-01
2.4221136550860248e-01
-2.6178291353274546e-01
-3.2242125394117926e-01
-2.6168256443079102e-01
-4.6472527823048129e-02
3.5823545000662360e-01
-2.0524472016349182e-01
-1.7982003109728173e-01
4.7743421923668561e-01
-4.9236031616253506e-01
-2.1816094998752186e-01
8.6857913823944838e-02
2.8144486342541214e-01
3.1899783752393529e-01
1.3101925499346412e-01
-6.8634690964160944e-02
8.5540105475548689e-02
3.3020089020316190e-01
-4.5311415514388487e-01
5.5293053133488113e-01
-4.3540113999465377e-02
-4.0004661942773051e-01
8.1875564924755617e-02
3.9043337057440342e-01
2.1441781685951966e-01
-2.2596070646914487e-01
-2.8989324116245341e-01
2.9630107552620877e-01
-3.2160430159186826e-01
4.5432970695628239e-02
-2.0365387263474760e-01
-2.7306335267637205e-01
2.3323769888956536e-01
2.6608923276531915e-01
4.5476084738895417e-01
5.6749589424997804e-03
-2.1337920793472109e-01
7.4375109115993210e-02
2.8790268159967228e-02
-2.6443459915587897e-01
2.0361525515008269e-01
3.4698986451356228e-01
-3.9265869070508400e-03
-6.2601694877084890e-02
-2.3557607537711805e-01
1.2895827623886333e-01
-1.4646018356799265e-01
2.2293714492012151e-01
-6.9218225734963876e-02
-2.3532432969109451e-02
4.6629771988455998e-02
3.1419907715485182e-02
3.0064520328336652e-01
4.1877667534369201e-01
1.5783250981959074e-01
-4.6668581699540584e-01
2.2253569585373292e-02
-1.5747943423726216e-01
-2.7097158509477332e-02
-1.6061788022305779e-01
-2.8373236369727262e-01
-3.7734621584781813e-01
1.2839930907536157e-02
1.2872117214077605e-01
-5.4803580256955708e-01
-1.3577852372439195e-01
-3.6608441821913820e-02
-6.9633158132766437e-02
-3.8271154162776194e-01
-1.1329766817479646e-01
-4.6202486587708902e-01
-2.7603217712066475e-01
-6.7956400107884285e-02
-1.0390886798304080e-01
2.3408380150361954e-01
-9.4602413772658905e-02
3.0150611110348524e-01
-4.2227129593807500e-01
3.5236628319280644e-01
4.1579333105916771e-02
2.1845243859416416e-01
-3.3918582249570961e-01
-6.1840095151215435e-01
6.8412938022586231e-02
-3.9719001837942891e-01
3.3793544077121124e-02
2.9427282711670041e-02
-3.0866868765320618e-02
2.9363815797406589e-01
2.1658855309521496e-03
2.1691352155152621e-01
-1.6369946958260201e-01
3.1597083448717356e-01
-1.4471354542236614e-01
1.5495464704296591e-01
3.8634334749623878e-01
1.0016979195787926e-01
3.5947695318936274e-01
1.5272874612499704e-01
9.2545588325541689e-02
-6.3933100520281561e-02
2.1334638399980127e-01
9.6815176387289203e-02
-4.5896399186115877e-02
5.1541063847466773e-01
1.7251231871872258e-01
3.7294401102696983e-01
-1.6961032296497169e-01
-4.2402017501691536e-01
-2.3479663463499495e-01
8.7300531466272258e-02
1.5162392824174364e-01
3.9078901481155037e-01
-1.6154266941210105e-01
9.3530071355070826e-02
-2.6436755958647529e-01
2.9595829740033129e-02
5.4788916658419662e-01
-7.9503224444790604e-02
-3.1063590763151183e-02
-7.1068795905599141e-02
1.5637039614353104e-01
-3.7561500991901919e-01
3.0061126512628111e-01
2.3969781183408265e-01
-1.9683314340358934e-01
6.9796039663280879e-02
2.5729109538318706e-01
-2.8944771494688304e-01
-1.2654792087065497e-01
1.6252129684408756e-01
-4.2788681463640882e-01
3.4880522863077940e-02
-1.1153560361764346e-01
-2.9671191403158820e-01
3.6289176404244694e-01
2.6497507477499682e-02
1.2017096783471924e-01
-3.6785771590796473e-01
-4.0224430273771289e-01
1.0563188278437473e-01
2.2397880259503844e-01
-4.1527188726752923e-01
-4.5257800312151575e-01
-2.6586937218054441e-01
1.6303049260418129e-01
4.3333532634319050e-01
-1.6447538545121276e-01
3.2472987166661837e-01
