tensor
3 
2 3 4 
3.1472368639317894e-01
4.0579193707561922e-01
-3.7301318370649394e-01
4.1337585613901939e-01
1.3235924622540951e-01
-4.0245959500059048e-01
-2.2150178113295160e-01
4.6881519204983846e-02
4.5750683543429760e-01
4.6488853519927653e-01
-3.4238691832245172e-01
4.7059278176061570e-01
4.5716694824294557e-01
-1.4624351277158776e-02
3.0028046888880011e-01
-3.5811366137278466e-01
-7.8238717373725009e-02
4.1573552518906709e-01
2.9220732955955442e-01
4.5949242639290300e-01
1.5574069915658684e-01
-4.6428832142581045e-01
3.4912930586877711e-01
4.3399324775755055e-01
