tensor
4 
3 2 7 11 
-1.2028953289853075e-01
7.1557769288419296e-02
-2.1305382163030098e-01
2.8989898190008612e-01
4.2257933931710026e-02
-1.2764153365379124e-01
1.1810987805453006e-01
1.1786756261304110e-01
-8.9450689820837731e-02
7.6293905676515561e-02
2.5962300037620545e-01
4.1954679842609277e-01
-6.4285716781530527e-02
-3.9436242166355398e-02
2.6370195393718188e-01
-3.7412470951690524e-01
-4.2928206714912742e-01
1.5970199908991503e-01
2.3491617310801868e-01
1.1667181842611658e-01
-2.9019973686172074e-01
-3.8405719740036309e-03
7.9473991553692891e-02
1.8065246466326568e-01
8.4870798679479331e-02
8.3716308676995602e-02
2.1886717582791290e-01
-3.0935308627083595e-02
2.6801309892707509e-01
-6.7525969928719537e-02
-5.7363379446047635e-02
1.5272744481254089e-01
-8.4511913652296711e-02
1.3012779793225496e-01
-1.3933107148744664e-01
-4.4406999988598060e-02
2.8488361133972639e-01
3.9456192162343384e-01
-2.6468016979193343e-01
-7.8772662934536528e-03
-9.3766264016375486e-02
2.3428420658530485e-02
1.1979486001652498e-01
4.5770888999446604e-02
-4.4492803511954539e-02
-2.1883588513036284e-01
2.6283928856467931e-01
9.6425375205592995e-02
9.1086228973276728e-02
3.4428840741119342e-02
1.2603236768192860e-01
1.7435323298145383e-01
2.9484274735910593e-01
2.5636774614652302e-01
1.7155411166684156e-01
-7.3590159318593931e-02
2.1995716105115676e-01
8.0360472661773720e-04
-1.3304432079015310e-01
1.4261302361195391e-01
3.3110959555810565e-01
4.0261386243455426e-02
-5.5014874679979064e-02
6.5058023961503800e-02
4.7986097441947748e-02
1.7186985171708447e-01
2.6241997724643062e-01
-1.5289309128927087e-01
-2.9524903059711838e-01
-3.3894040983662610e-01
-2.0043397618071143e-01
4.6147382866220443e-02
9.0786768605878934e-03
-1.7164709191868646e-02
-2.6098388966998098e-01
-2.9185729814643802e-01
2.2226973511027029e-01
9.2235798039304664e-02
2.1350385876119402e-01
-3.1341573137601726e-02
-8.1885179816586981e-02
-1.0102837569496389e-02
2.9462766654793038e-01
1.9066492848940630e-01
-1.9081426306638945e-02
2.4492996493947139e-01
-2.9410642964758171e-01
-2.2688283875198823e-01
7.0620277303287016e-02
-1.1141208056876645e-01
-1.2131684991361132e-01
1.2462912916469678e-01
2.1815097354385893e-01
-4.5032641222125046e-02
-1.7558605981981343e-01
-1.3404886122514295e-01
-6.2501290287845318e-02
7.9638084545395435e-02
-1.9267782405374214e-02
-3.3645169655306356e-01
3.8173198334081648e-01
1.7690838254301339e-01
7.2259043966149600e-02
2.6717079536221894e-01
-8.6404815369400423e-02
-1.9477564366158862e-01
3.0548419005896837e-01
-3.2260104203981138e-01
3.3533352848119424e-01
1.9954377481324156e-01
6.1842138980157169e-02
-7.8545374289635150e-02
-6.5440137386439265e-02
1.6345529189044211e-01
6.6959014749802259e-02
1.3866841105192382e-01
-4.0655344874534183e-01
6.5282309258910945e-02
-2.9451482553182591e-02
1.2430052326718562e-01
6.5508470784717873e-02
-8.2731285451816808e-02
-4.6941427512034811e-02
-5.5026083548698723e-01
1.1205313737404461e-01
-3.5595141608511927e-01
4.3396128436375284e-03
-7.6403708012523941e-02
-2.0554872994876522e-01
-3.4744455292688936e-01
-2.2466420262563719e-01
-3.9526595824904733e-02
3.0912199581057559e-01
-2.9807921967870954e-01
-1.6475813869155392e-01
1.9598656471274750e-01
-7.6468193072922366e-02
-6.5772188609679275e-02
-5.1329484201715431e-02
9.9269966295898959e-02
-5.6551280680395805e-02
1.5257579377111774e-01
1.4957593204360009e-01
1.5795943777746232e-02
7.1375613938881297e-02
-1.5321533341774929e-01
-1.2260623161876202e-01
1.6624469256512819e-01
1.5935357446985359e-02
-2.3753956668731258e-02
-6.6433708414903175e-02
-1.5772318494393789e-01
-1.0072690424268073e-01
-7.5108439175299989e-04
2.3955012433963779e-01
3.7124906836005244e-03
-9.0976367383096376e-02
-4.2444719893051937e-02
-1.5026810777445282e-01
-1.4821539785328075e-01
1.0623660704491439e-01
-3.6049734584019505e-01
-2.7470654734836614e-01
-2.5453039478996226e-01
1.3210388195223349e-01
3.2477997413370742e-02
2.5903382594367819e-01
-1.0838260711937188e-01
-3.0215276764491611e-01
-1.4066393771186636e-01
-1.2557485840092195e-01
8.6270148152557166e-02
-2.8987078325808852e-01
4.2449693397253421e-02
9.3091736754861695e-02
-2.0573914450040812e-01
-1.7327018097246122e-01
1.8655837194681982e-01
-1.4007215445294066e-01
8.4878392719099749e-02
1.9634619162621405e-02
2.5903344282373986e-01
4.1286797611560247e-02
-1.0829013508437717e-01
-1.5724549145963132e-01
2.3365714437102442e-01
3.1083005511909650e-02
1.9666973443533031e-01
-2.3274252547818503e-01
-2.2674377438915075e-01
1.0655913213004585e-01
-1.7958217447024315e-02
1.2176209406133411e-01
-1.5703876557137808e-01
-1.2920692706368904e-02
1.0059807320446984e-01
-7.9543089646627013e-02
1.5285969333807620e-01
-1.2972835745777130e-02
1.1310538481545210e-01
-2.2789923737211010e-01
-2.3614000685875719e-01
3.4607405688385301e-02
2.4026175514132980e-01
2.1679049278067508e-01
-3.1247189342134874e-02
1.6692606476256039e-01
-5.8590447140577658e-02
-1.0346598601742384e-01
1.1986558659878092e-01
-3.4578209165813867e-01
-2.5306878817909523e-01
-6.4293447507155479e-03
3.6833159594776262e-03
-1.0083993711720272e-01
1.7016724256332441e-01
-2.7145474773056961e-02
-1.8220356926691955e-01
1.2656817773837198e-01
-2.7740036281514507e-01
-2.5929658923224608e-01
1.2341675604211631e-01
-7.7482295674964050e-02
-8.2112646934440568e-03
4.1758754358586551e-02
-2.0612116121444621e-01
-1.4027006876218684e-01
3.0771388692646434e-01
-1.6869944974708617e-01
-1.4463545424709601e-01
7.2413174667025959e-02
3.4993370224875009e-01
1.7689229383857741e-01
3.6665802267245362e-01
4.8197349632047477e-02
-1.3593343165978694e-01
4.0393858145882186e-02
1.2583576031591714e-01
5.9059930811150949e-02
7.7693701082969219e-02
-1.2114471942837955e-01
6.3422310839332608e-03
-2.0417322670020766e-01
3.5651040998869654e-01
1.5083505125960617e-01
3.1043655642782109e-01
2.3738745245906356e-01
5.4257145275521418e-02
-8.0917749662153204e-02
-2.7212802245144641e-01
5.2561011179936015e-02
1.5156976754683554e-01
1.0890454875278656e-01
-2.3051503938618209e-01
-2.7232631486753228e-01
1.6710620802763562e-01
-1.9107889076250967e-01
9.1474780798848410e-02
2.8324520990077158e-02
-1.5209047483271568e-01
-1.1536335128970292e-01
-4.0172941533096240e-01
-1.6513375438254455e-01
-1.2618788406586864e-01
3.6500175549625530e-01
-2.1684197118880397e-01
-4.2576636856700337e-02
5.2685268664811893e-02
2.0049994544918759e-01
-9.7297160358662552e-02
-6.1754332681832960e-02
-2.0161872675331628e-02
1.3460260638248209e-01
3.5931430572639084e-01
3.8956404141071493e-01
1.5793698334939030e-01
-9.7867577609140041e-02
3.1141802521239513e-02
-3.0509068167345604e-01
-8.0183554708152995e-03
-1.6388183667767151e-01
2.8158421596024280e-01
2.9807569623817026e-01
-1.6113758648327242e-01
2.9112785554368859e-01
-8.5516096647771780e-02
-2.1903249379093184e-01
3.0694376023115688e-01
7.1842622030566891e-02
-1.6010225631819494e-01
1.3432097753353123e-01
-1.9614718997769631e-01
2.7417354869323486e-02
-4.1941178340625485e-01
-4.9541218827803706e-02
4.1408059947118034e-02
4.5960364445070435e-02
-2.1757235028771682e-01
-1.9157577865943834e-01
2.7782997659095510e-01
-1.3591015705664539e-01
-6.2896537784075501e-02
-1.6893643554660942e-01
1.2594862835796611e-01
-2.7119491480701141e-01
-3.2291825785454842e-01
-1.4568826334260970e-01
-2.9310624992951236e-02
-4.8585165382341630e-02
-1.2543031662511792e-01
-3.1342901921496102e-01
3.6539405847412870e-01
-9.9036487935601603e-02
7.4742974954562502e-02
-6.5438350153185221e-02
-3.7961584705518087e-01
8.7691999429258080e-02
-2.1057376140115538e-01
3.3310639142791093e-01
2.2900742155441442e-01
2.0783474258133708e-01
-2.3871999292117463e-01
6.6737281236971438e-02
-1.7245975483525169e-01
9.1768136304953202e-02
1.1892428961983183e-01
-1.7415789138075644e-01
3.7543041057382120e-01
3.0076807110949649e-01
-2.1899743030605193e-01
4.3069756321276791e-02
1.9598622626646994e-01
-3.3574097464980877e-02
-1.9235078175538309e-01
-2.2288811397945682e-02
9.7463800897049285e-02
1.1010601522705869e-01
2.6941564939979595e-01
-1.4405278659229453e-01
1.0595597130462416e-01
2.1138659541041649e-01
-8.1535102103442586e-03
5.7066646081444607e-02
-1.6484861044713822e-01
2.1677422716177692e-02
-3.3835557964608742e-01
-8.3072495687878639e-02
2.7084478859419175e-01
2.8488310500763137e-01
3.7370950128542441e-01
1.4440278289802480e-01
-1.3878847850436254e-01
-1.0577914040011661e-01
-1.3525085198386647e-01
4.2493760310518623e-02
7.6537982760976758e-02
3.3400857231474922e-02
2.9945992550765238e-01
1.5614572494172338e-01
-1.0249223187368618e-01
-1.9435930497178905e-01
5.7089752205739190e-02
1.4938498930876323e-01
2.3440574855960181e-01
-4.3636576066143734e-01
-1.5905385776433198e-01
5.5056448583950750e-02
1.2161241927488052e-01
6.9731735631860386e-02
-1.4836068080833700e-01
1.3660095543688314e-01
2.1200379504993993e-02
-5.4188127491994476e-02
1.0534371896971820e-01
1.1945111605308024e-01
-1.0534948456978431e-01
1.4380293111280137e-01
1.4645718486317097e-01
6.9655983160392343e-02
8.4197733683624529e-02
-1.6236253691947941e-01
2.0881737037622555e-01
-3.6869242553202236e-01
6.5916706161433233e-02
3.6341179936247355e-03
1.2286085868868481e-02
-3.6684516122806238e-02
-5.4704622260442592e-02
-3.2871472634926402e-01
1.4801071364437624e-01
-2.0153778192259403e-01
-2.6298373573119926e-01
2.6867450919605504e-02
1.6039402439050066e-01
5.8616567804762786e-02
1.1641107641900666e-01
5.3959091006316441e-02
-1.1316564143958556e-01
-3.6095475543442461e-03
1.3870009907321232e-01
2.1987601546082930e-01
-7.9558032913499173e-03
-3.0016504554319512e-01
-2.2492224985963195e-02
8.2009862248334633e-02
-1.8526947128575388e-01
1.9938434697793519e-02
-4.5282352996833308e-01
1.5703155654459891e-01
-1.5876000525864645e-01
9.5445709603414197e-02
-1.6579487499648174e-01
-2.2073805969783966e-01
-5.5322495130430094e-01
-1.7373286392369833e-01
-1.1195269951211419e-01
1.8354768967902457e-02
2.0663268853318170e-01
2.9029799672371243e-01
-3.6340228606691177e-01
-3.3482851085865561e-01
3.5242034073978556e-01
1.3916038115252988e-01
8.7057282947490489e-02
-1.8908104224031781e-02
2.8469842850297250e-01
1.4067393823547688e-02
3.6562013332380912e-02
3.1145308551466178e-01
8.5243173993436103e-03
3.8558301502987519e-01
5.8869600149218208e-02
-1.1153177546589312e-01
1.4013317577848715e-03
-1.8189084852280538e-01
2.5409708164758360e-01
-1.6256356765770913e-01
3.2923937054900054e-01
-1.8217765370083558e-01
2.4217330022014788e-02
3.7232216674850321e-01
1.2014685460820190e-01
1.2954857169530277e-02
-2.0586920800057010e-01
-9.0259491192956245e-02
2.6326504261474104e-01
-2.3779700078800431e-03
1.7200830121114613e-01
-1.3563132213457083e-01
-7.0163278783976199e-02
-8.0858454432955029e-02
5.9220958380559463e-02
3.4038177183224249e-03
2.2590368530069305e-01
1.7733784890966917e-01
-5.3488497479840136e-02
-4.0975238420793231e-02
-9.1228796025323258e-02
2.6942058768638723e-02
3.0644606048103423e-01
-7.9197643284929939e-02
5.0469762361799142e-01
