tensor
4 
2 5 7 11 
2.3032317864226676e-01
1.2977734901882024e-01
1.4358211787592734e-01
7.1383975032413602e-02
1.4875714396342124e-02
-1.2362705420608951e-01
1.0404820773816688e-01
-3.9038214401610138e-01
2.1456557053423111e-01
-2.6480663784101510e-01
-9.7296189231579289e-02
-8.4943089847738518e-02
3.3429003984633016e-01
-8.1637876957826094e-02
5.1488668349200753e-02
4.1272794035964733e-03
2.1927813633383522e-01
-1.1680404609310116e-01
-2.8144480831180707e-02
1.9623708741658341e-01
-1.6376872308354470e-01
-3.6979894982500372e-02
-2.8922794484578740e-01
-6.7331557528748726e-02
6.9142564325035308e-02
-2.7793951961242169e-01
-2.1995089388951652e-01
1.7777402732117586e-01
1.7413781289953456e-01
1.0156328961928167e-01
-2.7532550385969204e-03
-6.7984700828206776e-02
1.5067471810928881e-01
7.3642720389353419e-02
7.7346058126289169e-02
1.1555364887333774e-01
-6.5202144605829696e-02
-8.5279556105375853e-02
-6.9028820882272995e-02
1.7811540862930003e-01
-1.1552923637781140e-02
-1.1390548963884092e-01
3.2099792899994406e-01
-1.9478633787256699e-01
-1.9814804939738848e-01
8.0641537934407856e-02
1.5965882265759478e-02
2.2867840055294053e-01
7.8220864172093410e-02
-3.1531724698845653e-01
-2.2934885693079557e-01
1.0383256800470858e-01
6.6633412453415836e-03
2.5345526455075165e-02
1.6858982603359451e-01
-1.0516795221859962e-01
1.0591648955639638e-01
-2.6534823666002494e-01
5.4126030650040416e-02
-1.2181698691766950e-01
-3.4619162582020807e-01
4.2564704196970449e-02
2.2980121522755631e-01
1.4329546067772686e-01
-6.9855838649032387e-02
1.8399076659468599e-01
-1.5754845773051085e-01
-1.3015258944758462e-01
-1.1428940428201845e-01
2.0283114140920111e-01
-3.8801872078157662e-02
-1.3230842547623564e-01
1.6973448933665142e-01
3.8617688564021001e-03
-2.0290475431063587e-01
-9.6550766827277229e-02
1.8194053793094699e-02
1.3564949777630589e-01
-7.6819893905361297e-03
-1.8584557806756302e-01
-2.9760394223939307e-02
3.9839297656139161e-01
3.0208194121441534e-01
-1.8957525908598988e-01
-2.3871713268290795e-01
2.0919778316948795e-01
1.5123851477537575e-01
-2.7427516691652787e-01
-2.8063453962730073e-01
2.0864192364006867e-01
3.7932549685962547e-02
1.2941963655006200e-01
-7.5863988920769593e-02
-2.2032321869270508e-01
-1.6908356244873378e-02
-6.4390622459636407e-02
-2.6421562653080838e-01
7.4856899247229061e-02
-3.2116868816084465e-01
1.7310769548797986e-01
-1.5820461720075310e-01
-2.1736842401535544e-01
1.5993563116967977e-01
-1.2722832329290376e-01
9.0938689708948486e-02
1.6508864778134119e-01
-4.1932755060111224e-02
2.0430754555883796e-01
-2.0587080893848755e-01
2.3365568276539628e-01
1.3136272277535577e-01
-1.9278229097149630e-02
-2.0749723068989767e-01
2.3719416059128251e-02
2.8947739469339789e-03
2.9985560426038771e-01
-2.8862037905049176e-01
1.9256363374855118e-02
1.4210927954895203e-01
-2.4213531090467713e-02
-2.9559978820747262e-02
-1.4983618576767418e-01
-8.8230219569102389e-02
2.5538213319788422e-01
5.2667758785410718e-02
-6.2032993782937147e-02
7.6534576345499400e-02
7.0894258470527063e-02
-4.1691253281634262e-02
1.6778622090448957e-02
-6.6641861309642739e-02
5.3482281227703460e-02
2.7045535987626201e-01
-1.0953665359316467e-01
9.5376183028352532e-02
6.9483764964696479e-02
1.9802881580882209e-01
-4.9573165354614007e-02
8.6442943949613174e-02
-3.3114802306168228e-02
-1.9993977089369910e-01
6.7561778257069008e-02
-2.5702241267412038e-03
2.6262447669157801e-01
-2.9073597109364729e-01
1.4625006557500453e-01
-3.4518738541363489e-02
-1.9139202651445425e-01
-9.4426068963593499e-02
-2.0129454231991920e-01
8.6719005927982248e-02
1.6342515459893181e-02
-1.1371711330412661e-01
1.6286993428826273e-02
-8.4236653519015603e-03
-4.8418818262141727e-03
-3.0376688308230643e-01
1.0974213196969308e-01
-9.9064599806508058e-02
3.8108538561460410e-02
-2.0667127611022182e-01
-4.3824463584053369e-02
4.9321287974348038e-02
1.0545342554774417e-01
-1.4461346858273581e-02
1.2785032868491675e-01
1.9330374350558649e-01
6.3282503579548427e-02
-1.1035039063646662e-01
-4.2740692423333643e-02
1.0627249575140690e-01
3.5896871914145353e-02
8.4279680265635579e-02
3.1177095068785443e-01
3.7255223517350705e-01
-1.7610733378549526e-01
-2.8046648505660926e-01
1.5148953263116105e-01
-5.3327760321474120e-02
-2.0329094635748837e-01
-8.0829302544294115e-02
1.4145559371887628e-01
2.6519284581338926e-01
-2.2151254050823654e-01
1.0723017060530726e-01
-2.2519476456397777e-01
-2.7497518582151687e-01
-8.8068481475040386e-02
5.9485812482037458e-02
-1.7629582308268943e-01
1.5249285798834353e-01
-1.6793522122817978e-01
9.3653532900996789e-02
5.7919796833972068e-02
-8.7370186425726609e-03
3.3742631210434826e-01
-6.7075791804807994e-02
-2.5297909608894087e-01
7.4573744736672151e-02
-4.9921781441392421e-02
-1.6226401354517944e-01
3.5294248561522701e-01
-2.1821043330073808e-01
3.0157187982533334e-01
2.9365735938975990e-01
-1.3962651624189293e-01
-5.8121810017807765e-02
1.1926538100965146e-01
2.9139090758027186e-01
-2.4429084873141160e-01
8.2825785171550606e-03
-1.3607154178159733e-01
-3.6922269726583928e-01
2.0547243496804868e-01
1.5412831219540149e-01
-4.6861747259800537e-02
-2.0289189063594071e-01
1.0187947607092197e-01
5.8561382538473053e-02
-6.2366587382912675e-03
-1.8874930193301503e-01
2.5782618995318435e-01
-3.0282325400634330e-02
-2.4626112696902347e-02
-1.8013750122125571e-01
-4.6190352333733793e-03
2.0679632452976099e-01
-6.3332520170454432e-02
-1.0243459303271726e-01
2.6656522733533533e-01
6.6589687938557185e-02
-1.5947722485571145e-01
1.4531162832053363e-01
1.8340431976315777e-01
1.5361942851916718e-01
-5.0119668732148431e-02
9.1771655425441828e-02
1.0527393259384905e-01
2.2363613598193013e-02
3.2660197902102439e-01
-8.3269691544045163e-02
-1.6951109204398074e-02
-9.3253861986587763e-02
-4.1136246380131747e-02
1.3627568326880934e-01
2.3265733140735151e-01
1.7436288038284609e-01
-2.9026431025787058e-02
-1.4927825340329390e-01
8.7283760435967001e-02
-1.4866807171657878e-01
2.4219394378817710e-01
-4.8822512200792006e-02
1.5281407804231839e-01
-6.6854562451083926e-02
1.7990990312819838e-01
3.6887126592464320e-01
-1.1939132155036078e-01
-8.7796739544104996e-02
2.2656769604002164e-01
3.6948294585542368e-01
-1.9671430327896866e-01
-1.2867738074526414e-01
2.8901694391191646e-01
-1.6605922265376694e-01
1.3796949527829225e-01
-2.2146351877236389e-01
2.5597815914619837e-01
5.7111322713573220e-02
-1.1721898417081239e-01
5.5950946349223943e-02
1.6229473067930272e-01
-2.3364666995749606e-01
8.5473194336914027e-02
7.1397322351089365e-02
-1.9643542664373373e-01
2.8978906661853271e-01
-5.3353025515647905e-03
-2.1741022945275795e-01
-5.6887363927180794e-02
1.7535492194868524e-03
8.1578345502357291e-02
-2.7403479784599727e-01
1.0890937866295028e-01
-1.7727486252776443e-02
3.9964551314076321e-02
2.2240583330215935e-01
-2.9713807619285382e-01
2.0603333567252652e-01
1.4100095606246579e-01
3.1175064416927543e-03
-1.5762078418705577e-01
-1.5588483451549845e-01
-1.8747184715342952e-02
2.7963937609186293e-02
-4.0642965109211490e-02
9.3196982336353651e-02
1.3732311782744727e-02
-1.5855841259518022e-01
2.0881776444957034e-01
-6.7599189404410606e-02
-1.8265680723007618e-01
3.8548521413615811e-04
-9.9444834501159887e-02
5.2471062438362082e-02
1.0812041623366543e-01
-2.7610344030601985e-01
-8.6426237344480600e-03
-1.8718860731764667e-01
2.2335960096222775e-02
-5.3454395997383490e-02
-1.8094861690951777e-01
4.6247209840604049e-02
2.3845326953147367e-01
-7.1851787818905638e-02
-3.4810567295124509e-02
-8.8404682926512601e-02
5.3150001285109966e-02
9.4951661815855792e-03
-8.6902923998217002e-02
1.5547458721182564e-01
-7.3852842913451122e-02
7.4930068429290397e-02
-2.6487784482791515e-01
-2.4518343329655407e-01
-2.7133263079663295e-02
-9.1869886517230645e-03
-6.1033311494020061e-02
6.3057659055668167e-02
-1.7162987963711662e-01
1.7307609570493776e-01
-6.5280958490005675e-02
-2.7697075258354367e-02
5.3674834122074681e-02
1.3592124648835624e-01
1.4563236486365194e-01
-1.5875252614012880e-01
-1.9346344388831441e-01
6.8792930039922609e-02
-1.0545930870006742e-01
8.7912077342363198e-02
-9.2287752336872204e-03
1.7527482789329252e-01
-2.7263528498316186e-01
-3.4144685813761388e-01
1.8887182987280321e-01
-2.1264719916313202e-01
1.3537859205458380e-01
8.5785128989041892e-02
2.5153143660772079e-02
3.6860965406657209e-01
-2.1546498910580503e-01
-2.3822037614814418e-01
-4.9246753969721245e-02
-1.3519862406469751e-01
1.1002425184900633e-01
1.1002866186654651e-01
-6.2629833332950552e-02
1.7183094166660365e-01
-2.1731390869122118e-02
-1.9395835069033429e-01
-4.6036866405833848e-02
-2.4314610776547330e-01
-1.0943971143594426e-01
-8.9157733360985120e-02
-1.3807093109379207e-02
3.2270882346606015e-02
1.2269843575065120e-01
1.4706746422867162e-01
2.3012766280746423e-03
-2.6505711514484054e-01
1.4724016905473120e-01
-1.6271548277133102e-01
-1.1692641441145510e-01
1.2365959603350041e-01
1.2677555175377980e-01
1.0749181511280816e-01
-2.2681748886551001e-01
-5.9602683610925078e-03
2.7871885909874147e-02
2.7391685831781842e-01
5.7764544764114314e-02
9.3390417540992310e-02
-2.0237931363767211e-01
1.6896996683508622e-02
-2.8493661957794358e-01
2.5349334249222427e-01
-3.0587545846631847e-01
-1.6743347128610730e-01
4.9515372080122910e-02
1.2799935610968954e-01
-7.3786534690376882e-02
3.5095027433497072e-02
-1.2752182946589910e-01
-3.8236282254526133e-01
2.1614485273316497e-01
1.2193893058942085e-02
7.9660870337020240e-02
-2.2959395271947736e-01
1.3769684949738858e-01
2.2928530477692033e-01
-2.7737054157386359e-01
1.6229204888963328e-01
-1.7990376154614984e-01
2.6900243858783807e-01
1.7783421666828089e-01
2.6748193576631685e-01
-2.9951021059975275e-01
5.2201941068302143e-02
-1.4022802761135636e-01
-3.4689616514879992e-02
-9.2034536694090285e-02
2.1765289073354505e-01
-7.0912301766267144e-02
-4.9721112348110122e-02
-1.3539602839636361e-01
-7.3457368366025982e-02
7.2635658338024184e-02
3.3623717635078781e-01
-2.1365212444005724e-01
2.0769010845017272e-01
-2.4965098154891191e-01
-2.4342241923624652e-01
6.4455716771802313e-02
1.8641718180488709e-01
-2.5635176371715529e-01
-6.3712790337012354e-02
3.7670931264389543e-02
-1.4780824881973731e-01
2.1376078081505584e-01
-2.2414523243749834e-01
2.6207268843884857e-01
-3.2763947621617279e-01
2.1648421810365509e-01
-2.9132185537841271e-01
-3.7049577830428060e-02
-3.1656340438545497e-02
-1.3619825059847726e-02
5.9558055289952935e-03
2.9225998660099964e-02
-8.4817545163586444e-02
-4.2276639490134049e-02
-9.3840080347782559e-03
-2.0221162117200903e-02
7.1056050174353833e-02
3.8040848918984321e-02
1.4234081995550693e-02
3.3398165532759189e-01
-3.5825921357591872e-01
2.0328083014486056e-01
1.5578814523224266e-03
1.6755994096967092e-01
2.9983821014677242e-01
-1.9304262902768288e-01
6.6778534012476090e-02
-2.4289240180124794e-03
3.8417087583831705e-01
-2.0901856591546603e-01
-1.5186010719129367e-01
-1.0125158830798606e-02
-2.6576029761348940e-01
-1.5276295735054532e-01
-1.9080461491105105e-01
9.8299157941577314e-02
-2.8006673691632199e-02
2.3563465867777517e-01
2.1273384530879397e-01
-2.4279736701857041e-01
-1.5516525296684253e-01
2.2706409046930315e-01
-7.8216130220295749e-02
1.9212425845487507e-01
6.5207668911089214e-02
-3.8461026057408382e-01
1.8874096097047771e-01
-1.9364598922731835e-01
-1.2201510128234638e-01
6.4103501005905408e-02
1.6893146111271329e-01
1.4264202200287612e-01
-2.5544626801372139e-01
2.6249597591064644e-01
-1.1764435123270531e-01
1.0712480845632968e-01
9.6749203887092350e-02
7.2618419839972206e-02
1.0020293479687387e-01
2.4211532358956006e-01
2.0432258165676861e-01
-6.2123502530837621e-02
-1.0921649195589596e-01
1.9317440388538337e-01
-1.9436257452361599e-01
-1.0594733201754682e-01
-3.4646528708532581e-01
2.7701164443374959e-01
-1.6579155986353206e-01
-2.2777062544081034e-01
-3.2173709930280087e-01
1.0882380934112769e-01
-1.0559231649974632e-01
-2.6039973854402859e-01
-2.2418446079513366e-01
2.0547808992589336e-01
-2.7090773398990375e-01
-1.2957474432371989e-02
8.5125334576234293e-02
1.1901420437975493e-01
3.2284170038580265e-02
-7.8221597430647993e-03
-1.0196329769471971e-01
-2.0946398251987619e-01
-1.0813511012780484e-01
-8.9633256710823256e-02
-3.4988628583507836e-01
2.2497432330180478e-03
8.8560559152320792e-02
-1.2462717092932171e-01
1.6347191708731629e-01
7.3253349334083451e-02
7.8862200326485776e-02
-3.4524570521186140e-03
-6.9235294275764747e-02
2.4116284231777502e-01
7.8194888478751542e-02
1.7460781503330997e-01
-1.1964373933492423e-01
1.2305471380228956e-01
3.1455057807567555e-01
-1.6878734909506077e-01
-4.2162578928757416e-01
2.4193723930095049e-01
3.3414563127076680e-01
-9.7947226820884234e-02
-1.0615851037227142e-01
3.0889686473615668e-01
-1.1034126206732736e-01
2.0706832776720657e-01
1.7931577736355375e-01
-4.2371487714493027e-02
1.4053652168153338e-02
-2.1172988108559188e-01
2.6468285944247416e-01
9.5532167318693295e-02
-7.5291222467746444e-02
-6.0142560798812118e-02
1.3963238740156048e-01
7.2437749062964796e-02
-2.4288964141175673e-01
-9.3765742091240639e-02
-1.4936330671240536e-01
4.6955141191397834e-02
-4.2062176644929720e-02
1.0795653655093544e-01
-7.4771447593724435e-02
3.1638239308936728e-01
-1.8536946152238473e-01
6.7675481303792074e-03
-2.5980340332468532e-01
2.7432034580024289e-01
-5.6257611261173873e-02
2.4664402845334285e-01
2.2852575489939006e-01
6.9986202785471324e-02
1.7309451891985167e-01
1.1428410022156971e-02
-3.8167581591519548e-02
-2.9126195677030353e-01
-1.6762536888761165e-01
-7.1785672552785784e-02
9.4456446631411395e-02
8.9518005108605761e-02
-2.5600776311724721e-01
-7.8778324155911322e-02
-2.8655052336769425e-02
-3.3784793722910447e-02
-1.9804753360130720e-01
-1.5855206195982810e-02
-1.5154375584316593e-01
4.3034470511225817e-02
-3.7818419772850764e-01
7.6714971264363052e-02
1.5985410933663738e-01
-2.4676923773725913e-02
-1.5153637462992356e-01
2.9481492756432737e-01
-3.7055696816921213e-01
1.9866822767560022e-01
-2.8601854758858086e-01
1.2865349327698447e-01
-2.3276716158690591e-01
1.1691554283376171e-01
2.4387169660254837e-01
-1.0780105214067248e-01
-3.1360210263380184e-01
2.2910103016418226e-01
2.5350916001311097e-01
-1.1426346220498459e-01
-1.9357238878802202e-01
-4.9070279147021695e-02
-1.8902639821824635e-03
-9.0125749006789768e-02
-1.9210802080389719e-01
-1.1406391387121825e-01
1.5646585550414505e-01
1.4476673222662551e-01
-1.2486369589590081e-01
-3.7781130149230645e-02
4.8165712157575313e-02
-1.9742181510224804e-02
-9.8420792588514161e-03
1.6039432292073119e-01
1.7194071279642342e-01
4.4152544445649755e-04
-1.5637792453106991e-01
3.7689194212987290e-02
-7.9854745575307098e-02
-2.3875146663124659e-02
4.5658879213994932e-02
-5.2529068886225695e-02
-3.8125952186160073e-01
1.2661992053608764e-01
7.5619124328067069e-02
-1.1839244075646124e-01
1.0035619357907936e-01
-2.3183894875003178e-02
2.5127529530950604e-01
-1.4046838464391490e-01
-4.9460970458421925e-02
-2.0978304043575813e-01
-2.0610032870315470e-01
1.3830228540958789e-01
-7.7011752499117458e-02
-9.0486245503990093e-04
2.3559685832146654e-01
4.9196197893949783e-03
1.7394516089679485e-03
-3.0678866372787644e-01
1.5073828420567648e-02
2.1399112907085091e-01
1.5898645021077160e-01
1.1012468860291551e-01
-5.8345690526883820e-02
-5.4017397008645475e-02
-1.2826367006066955e-01
1.5321539147030527e-01
-2.2760560544055750e-01
-1.8335080975807946e-01
1.8811382251353839e-01
1.6548878824608459e-01
2.9765368711198131e-01
-1.1126306522868190e-01
-8.4970761181420149e-02
-1.2752836353676658e-01
-2.4497500688416704e-01
-1.0189282855572770e-01
1.8100895893564967e-01
-7.7884649540990503e-02
-2.4255265869681367e-02
-1.2836103887150144e-01
1.1703433979497885e-01
-2.1781983512137559e-02
1.5653439599760999e-01
-1.6048094964001555e-01
6.9569131642473178e-02
4.7455258065940642e-02
1.6908922996287790e-01
-2.5335233545144061e-02
9.1270303995636487e-02
-2.5341063809919068e-01
-7.0043434478977845e-02
1.0499236510687332e-01
-2.6432795933189451e-01
2.6229346613739263e-01
8.5455843297671086e-02
-2.3231751066804016e-01
6.3614324054961938e-02
8.0535089697467130e-02
1.4019302827955482e-01
-3.5191984236430485e-01
-2.2721179120500332e-01
2.3807332282629209e-01
-1.6289494854113157e-01
1.0447192133778233e-01
4.4066022783165709e-02
-1.5764724750860010e-01
-6.8645053728683736e-02
2.5835401473893005e-01
3.2466808119253793e-01
-1.7935770864300779e-01
8.5821443926102969e-02
-1.5995490578613533e-01
3.2605555866211181e-03
7.8745151480399705e-02
-1.6048425773585628e-01
1.8279237674606791e-01
2.4497087890308808e-01
1.8665485592864597e-01
-1.1482428833901383e-01
-2.0326555788207834e-01
6.8525623229019741e-02
-3.9809422491044627e-01
-5.2010400556629234e-02
4.8140783288607644e-02
2.4699005105846233e-01
-1.2147568643162843e-01
-1.5760633843876432e-01
2.8124423498784273e-02
-3.8325727160088635e-01
1.9092114190848861e-01
2.0945606443780718e-01
9.5783579734166346e-02
2.5173506439038007e-01
-8.9961823417462145e-02
3.2244080015650911e-01
-9.0860864379780054e-02
-3.3544319501563363e-02
1.8235023414162890e-01
6.6145116718615291e-03
7.5765629447286653e-02
5.3761448735741513e-02
-6.5495855567374625e-02
6.7651300484763810e-02
-5.2289500810600936e-02
-1.3955345931363616e-01
-1.6164893349101944e-01
2.0117489328170385e-01
-3.6953911461011874e-01
1.0272918135529804e-01
1.2388310233839514e-01
-2.1768031620133593e-01
1.4215860720179532e-01
7.4481115095411485e-02
-3.0237624443557029e-02
-8.2486253231134579e-02
-2.7911792019382159e-01
1.9775448389943606e-01
1.1356678816849344e-01
8.1864237511120264e-02
-3.1063287222982502e-02
-1.7368686005510153e-01
-2.8731030936457673e-02
8.4631125171465149e-04
1.3842164308763108e-01
6.7579329708246511e-02
3.1162032675214335e-02
-6.1648108106479305e-02
-5.1735536258285253e-02
-2.0547269185352662e-01
2.4725504116573452e-01
-1.0309667677323678e-01
1.7308612162816123e-02
1.0779112542269917e-01
1.0560319956472392e-01
-2.3823897807473191e-01
1.9339585522957348e-01
2.0166101282442414e-01
4.3696343642321694e-03
-2.7079540063110324e-01
2.9064871222854233e-01
5.4700114020482402e-02
-2.2381109823240944e-01
1.7631867143714003e-01
-2.6238001671687350e-01
-1.1072173586249044e-01
-9.3529371284830326e-02
2.6805869701430729e-01
-1.4020283195195005e-01
6.7422880109470673e-02
2.7361210951566961e-01
