tensor
4 
3 5 7 11 
8.3741461831825248e-01
9.3240693389813023e-01
1.2004366509511820e-01
9.4031763853563211e-01
6.4719222663784715e-01
8.9328429287003075e-02
2.7808358415980905e-01
5.5803132633145136e-01
9.8635018973379007e-01
9.9404996158991066e-01
1.5198959405052073e-01
1.0000000000000000e+00
9.8599565704978087e-01
4.9387521248198063e-01
8.2234905304294059e-01
1.3558519704403543e-01
4.2751974947071975e-01
9.4277898401428661e-01
8.1392804799302254e-01
9.8842133836724866e-01
6.7158116942427892e-01
2.4835547865938282e-02
8.7330275099298493e-01
9.6182341861139975e-01
6.9556643955065256e-01
7.7797568239641524e-01
7.6273858635843339e-01
3.9671287639431063e-01
6.7130703619687870e-01
1.6614807703198634e-01
7.2405418102200858e-01
2.0789579601963429e-02
2.7644047456667864e-01
3.5745961332147504e-02
8.8902198221721365e-02
8.4652510809605552e-01
7.1235336354214052e-01
3.1834814571255365e-01
9.7875150696489754e-01
2.3515416091324425e-02
4.4523461497734257e-01
3.8558461333226757e-01
7.8608743050372865e-01
8.1704956731019229e-01
1.8250988855496372e-01
4.9845306747657708e-01
4.5237126600254851e-01
6.6174724809306695e-01
7.2751592608329374e-01
7.7479066291419196e-01
2.7550387640125418e-01
6.9657565136790389e-01
6.7091078097206203e-01
1.5720363592363101e-01
1.1171028433637362e-01
5.0742327662113518e-01
9.8868370882725365e-01
3.4263777980152205e-01
5.9807159300340806e-01
2.2104091265313441e-01
7.7122369117557055e-01
2.5367205799343523e-01
5.1534345315555130e-01
7.1678451075838634e-01
9.1687670673578281e-01
9.8821167618434813e-01
5.5837972937171032e-01
1.3218274852041431e-01
1.4331205497341318e-01
2.5618917705342925e-01
8.6452823197705575e-01
2.5282409266181938e-01
8.3695684782068680e-01
2.4160336202473004e-01
9.5688999794731888e-01
3.5264939167586212e-01
1.9265147619370901e-01
2.4948795833340554e-01
6.3017467356244361e-01
4.8126760122054818e-01
3.5439733922219724e-01
8.5421351007465318e-01
5.9806777547706069e-01
5.6099587897581538e-01
9.4429995279190893e-01
2.8574069386104406e-01
7.7741251696599212e-01
7.7379181345041781e-01
3.8442406165128840e-01
5.7987374250641055e-01
6.6707874858935645e-02
4.3859869119071665e-02
5.4125431369292731e-01
8.0032606010392404e-01
9.6184160640795335e-01
1.2308885176782922e-01
5.8091893897505065e-01
4.7720142242620439e-01
0.0000000000000000e+00
3.3923409368510865e-01
1.5675570522408791e-01
8.1609476463874575e-01
3.1221015152860288e-01
5.3889232408167576e-01
1.6037149211156987e-01
6.0246840197297835e-01
2.6055162086361561e-01
6.5501215507204513e-01
6.9044875336852052e-01
7.4989107349841055e-01
4.4972985666132714e-01
7.9865975319663010e-02
2.2626589324097227e-01
9.1649287544270619e-01
1.4901030907579274e-01
8.2822223445484400e-01
5.3828335453888398e-01
1.0000000000000000e+00
7.4171727776170454e-02
4.4179912058344428e-01
1.0289308660858373e-01
9.6546987517297700e-01
0.0000000000000000e+00
7.7687933229444606e-01
8.1963549455851847e-01
8.7146752600902122e-01
8.0485710275550792e-02
3.9853578284298363e-01
2.5742415727386597e-01
8.0225301158486506e-01
4.3043811532203408e-01
9.1378005069626145e-01
1.7873193761431105e-01
2.6139038190119701e-01
1.4211264373292304e-01
1.3256103811319928e-01
8.7207015029524559e-01
5.8000007825076116e-01
5.4989985565359056e-01
1.4152345374722625e-01
8.5566966432341096e-01
6.2271366683710527e-01
3.4928692358739499e-01
5.1297535360192481e-01
4.0057852983946074e-01
7.1943955748757407e-02
2.3729885280041338e-01
1.1970211976668059e-01
1.8081036318763891e-01
2.3733553670679580e-01
4.1617008571812786e-01
4.5406135985354326e-02
9.0578057457467065e-01
9.4821230317683236e-01
4.9039800990067034e-01
4.8877274185465097e-01
3.3594051461323143e-01
9.0309548917352711e-01
3.6773815015405925e-01
1.0748207587046853e-01
7.8226672609816050e-01
3.8840587144738664e-01
2.3908920224916821e-01
4.0270067889748373e-01
9.2607418482937617e-02
1.2843066588107621e-01
9.4545224509629577e-01
9.5965692735410024e-01
5.7546554466137201e-01
5.5618044802421336e-02
2.3211858287605033e-01
3.5151202619350003e-01
8.2355966764162392e-01
1.0861531183319725e-02
3.8718667125642876e-02
1.6576472384336957e-01
6.5000598154221589e-01
7.3332102911675512e-01
6.4862472976219698e-01
4.5011524015971199e-01
5.4702410362767040e-01
2.9418702631236321e-01
7.4640263776313698e-01
1.8590085662495243e-01
6.8798877498912459e-01
1.8041033056218878e-01
3.6696943179673169e-01
6.2630764311004217e-01
7.8224188176379295e-01
7.7147258433935564e-02
9.3267905950269714e-01
7.7768842306441943e-01
4.8629063920772331e-01
4.3492097856923173e-01
4.4593979392192945e-01
3.0430166214433363e-01
5.0819382850756312e-01
5.1047613578639595e-01
8.1996276385519151e-01
7.9697105420763004e-01
6.4516751217272628e-01
3.7718101136385457e-01
8.1386367456015651e-01
5.3271921563792202e-01
3.4905971511186396e-01
9.4237707892271927e-01
8.7877776557456200e-01
5.5019853534596830e-01
6.2313722135809768e-01
5.8740311760517661e-01
1.8666389536864453e-01
2.8413420948988727e-01
4.6100862797267711e-01
2.1037460248106019e-01
8.5023242501166141e-01
1.7313538816780935e-01
2.0561452547779221e-01
1.4805872231784362e-01
2.0743095681720813e-01
4.2428979533925382e-01
2.9440823816978995e-01
9.3265732057606365e-01
4.1856557159781110e-01
1.6276544338347354e-01
9.1337396600964338e-01
9.9141711933290155e-01
4.2759560485587372e-01
8.5942245668630429e-02
2.3912088625269526e-01
3.9616656256081845e-01
5.9024005811356595e-01
2.4344384875713335e-01
5.9852417188131035e-01
7.1149384159974394e-01
2.0126238038472022e-01
9.2507841280745420e-02
2.7936988169058852e-01
3.0240985649271740e-01
4.1226870702885704e-01
4.9951027905024475e-01
5.9252767070140724e-02
2.4372580925322493e-01
8.0510179265608295e-01
5.6929076275472989e-04
9.3836403648672806e-01
7.3141975214855381e-01
4.7944444633185035e-01
5.7317461559344918e-01
2.1745827176930996e-01
4.4842192775034495e-01
9.7405059923504289e-01
5.4010979467969633e-01
5.1335103531344950e-01
2.1152775315752029e-01
4.7974546556814435e-01
6.2064115839005141e-01
6.7805281477544632e-01
3.8240181495205267e-01
3.5313220446809784e-01
1.0000000000000000e+00
9.4492229672205417e-03
8.9282481647116729e-01
9.2213638669997144e-01
8.0006613160002649e-01
7.3009020139408298e-02
2.4308883872580531e-01
3.1969162691173331e-01
6.7867035429746692e-01
1.1245502141238936e-01
7.2193023919700905e-01
8.1400052221355879e-02
6.5159812436638187e-01
4.8524546508891009e-01
7.8220726560463216e-01
7.1547723229568438e-01
9.1216433541740671e-01
8.9882340818927919e-01
3.1844720133507165e-01
6.9849494026705772e-01
1.7631011160686538e-01
1.9459799470766285e-03
7.4574612037541288e-01
4.9134204706379769e-01
4.7038913353398015e-01
9.1320850232411765e-01
6.0584565792499123e-01
6.1397625037268666e-01
8.6600787492570042e-01
8.0976640762477436e-01
5.7129456696521952e-01
1.6079125886299345e-01
2.2021904433597894e-01
8.9422574827074430e-01
0.0000000000000000e+00
4.8079168299597752e-01
1.4515985991034869e-01
9.9030409944658448e-01
7.1303525632303211e-01
4.9181028941615162e-01
4.6118065411030190e-01
3.2257335424736432e-02
6.8100949159327195e-01
1.4340532110346724e-02
4.4585595860011616e-02
5.1388685044298121e-01
7.0942683589294578e-02
8.2296251492310868e-01
8.2233554019346267e-01
7.2319374786549417e-01
1.2633201107000303e-01
6.5769408640348548e-01
5.1070236701409621e-01
9.8435596207530451e-01
6.4663010919509134e-01
8.0438872915218285e-01
4.4562177970236350e-01
4.2385851066078778e-01
8.2333490395492781e-01
6.9116667790283415e-02
1.1964689640037178e-01
1.6053534772904676e-01
3.8171334480723451e-01
8.2950203383211585e-01
8.0101937528206091e-01
4.5734405618571047e-02
3.9017209351058696e-01
5.1991887391322666e-01
4.0800639338619521e-01
6.5207112072658613e-01
6.2270274998804875e-01
2.8110903460286013e-01
4.2310582806526759e-01
0.0000000000000000e+00
9.8473284552306828e-01
1.5421138903636389e-01
9.2242619119715666e-02
3.6287622701699729e-01
1.8567763997547498e-01
4.8211036743031677e-01
3.2941084279974858e-01
9.5175858612185449e-01
9.1993809087894252e-01
3.7810214051021980e-02
7.3442040786161999e-01
2.5786298943269403e-01
4.1414322582242019e-01
5.4126415083365398e-01
9.4271675879346994e-01
4.0896678668648212e-01
9.8370471942558391e-01
2.9073788124876332e-01
6.9704790769317282e-01
6.6170819420833904e-01
5.3237385395335501e-01
6.9400474359824194e-01
6.6190040965358032e-01
1.6535831818872737e-01
1.1440427422222835e-01
1.0000000000000000e+00
1.5822997737551650e-01
1.7399158200551136e-02
5.5481537359330957e-01
8.8083093084422692e-01
6.6459196033302026e-01
1.7786431346719733e-01
3.5932476514622991e-01
4.5266557387111878e-01
9.8226660923968945e-01
1.4326839254995655e-01
8.5404781282906950e-01
6.3977401125736921e-01
3.6680312479531307e-01
1.7836292206054916e-01
4.1965096783390787e-01
4.7431692554250859e-01
1.0687800634771025e-01
5.8359524925326756e-01
2.1421512400549650e-01
3.7528926876618596e-01
5.7696537270563319e-01
2.4026089264156927e-01
2.7953987412445619e-01
6.1163875113966493e-01
2.5396044484539737e-01
8.2238173688614102e-01
9.8330916288802062e-01
7.2668417837708366e-01
3.3386755357830394e-01
5.7806638728632576e-01
9.3821188599415267e-02
9.0568027758656244e-01
8.7858124488219025e-01
8.1565567691210705e-01
2.4933158971037450e-01
5.8852489458683477e-01
7.1426547179000060e-03
4.1660735940426374e-01
3.0218970637010290e-01
1.4843291760786356e-01
1.6600262145098332e-01
4.1419413516965592e-01
8.0055665002401910e-02
5.9276182688723178e-01
4.6303400502863507e-01
6.9181257032257704e-01
6.9581680332244911e-01
6.3343625072776188e-01
1.8418904438539691e-02
5.4208355379908285e-02
3.0918533004491650e-01
5.2397385305046429e-01
6.4961666796402540e-01
3.9867299189006877e-01
8.1791338188122864e-01
7.1459600185643002e-01
9.6906133308808862e-01
5.2445131247021570e-01
3.1482378530294775e-01
9.1645683762315328e-02
6.0540423750530892e-01
7.8348535591072344e-01
4.2547009640351574e-01
9.0344976473272859e-02
2.6731094670699207e-01
1.5364980343017376e-01
2.8195379545403543e-01
4.4222709631979418e-01
5.2993783119004167e-01
4.5969640705785869e-01
8.8077920481882532e-01
5.2077899714635356e-01
9.4954227032375305e-01
6.4133368929634915e-01
9.6371915282274301e-01
2.4135319877707462e-01
6.8003508241914201e-01
2.9007352763638211e-01
6.7568857801574544e-01
6.9919595828564685e-01
6.7343177802976217e-02
2.5554197567052583e-01
2.2456115327926207e-01
6.7168331469021281e-01
8.4956734572403247e-01
3.4588697838490595e-01
7.8521565134703986e-01
6.7923891570025419e-01
5.6060019070149963e-03
6.0552845754639939e-01
3.8851317472025632e-01
9.2170359104651423e-01
0.0000000000000000e+00
4.6475889811301047e-01
4.2637294022216510e-01
4.6321460542761894e-01
7.7477800398242680e-01
3.2373139419723007e-01
7.8946695038994463e-01
4.7373372301367705e-01
3.4871343261515454e-02
1.7603418532259113e-01
7.2601318480576127e-01
4.7587853345565739e-01
1.5270726774828586e-01
3.4252413292957284e-01
6.1078633617391687e-01
1.9202409287626462e-01
7.4280704575208722e-01
2.4351183576077171e-01
9.2314744049264585e-01
2.6992047428624005e-01
7.7008333344560775e-01
1.8891768252941385e-01
2.8849537743830966e-01
9.0637331373547861e-02
5.7937258265747849e-01
6.8733034553813643e-01
5.4953412652009748e-01
4.2776309396469270e-01
6.4811789075720438e-01
6.5131655816109102e-01
6.8295124767783200e-01
6.3939687941321433e-01
9.5110539861486965e-01
2.0934272185094446e-01
7.1344325296986932e-01
2.3684315656350316e-01
1.1913230136946527e-01
6.1070042334709462e-01
4.5235507157320309e-01
4.6100729646923561e-01
6.6575116623608954e-01
7.7490473386304393e-01
3.5168576076952535e-01
6.6581649918701435e-01
4.1812104317805643e-01
8.4708586369847239e-01
8.3800591686657699e-01
2.5720519636414074e-01
6.1690340959588807e-01
5.8545767878234112e-01
5.4363643226904068e-01
8.7530789684434829e-01
2.6560578503136384e-01
3.1930066939610102e-01
1.1894923140814814e-01
9.4572065874568612e-01
6.4923530504905824e-01
4.8190060841699517e-01
6.4295361493200787e-01
5.4764304061201008e-01
6.5100811145379189e-01
5.4680663585287970e-01
7.2529643476329542e-01
5.2525552875508530e-01
1.0000000000000000e+00
2.1915751703941619e-01
1.0543231076010158e-01
1.0936075492940094e-01
6.2908759710817483e-02
4.0645558299814560e-01
4.5057704673092741e-01
3.6740094624242781e-01
7.6807298776857535e-01
6.3144735289664655e-01
7.7970114295545367e-01
9.4229327932922091e-01
9.8260676405302183e-01
1.9355224120057529e-01
1.3983013538542396e-01
7.0317807967723267e-01
9.4294549390974633e-02
5.3049046368113451e-01
5.3548306079837027e-01
8.6981324926984560e-01
4.8950609972523895e-01
3.9713253842736179e-01
6.7807751483852563e-01
7.4865042742311183e-01
5.2508134105008264e-01
3.5090007100073539e-01
1.5107203768624350e-01
5.9182658291131918e-01
2.6441841875199468e-01
4.4401133234416475e-02
7.6247187387677495e-01
2.4485159506566259e-01
4.4660148430214025e-01
6.9461732193113690e-01
3.6253865521181422e-01
7.4368001017574603e-01
3.9839702081315825e-01
6.9019030055801567e-01
7.1104231495804526e-01
4.4650354929809044e-01
1.9258856090188022e-02
3.3386518422434486e-01
4.2831534395537924e-01
2.7263034230519440e-01
1.9863138746422299e-01
8.2997342950451369e-01
4.3398722054705857e-01
8.9672894948170456e-01
3.9483488145394258e-01
7.7680452121303700e-01
4.0050333081467931e-01
8.1662522090473366e-01
7.6261724251457974e-01
3.8090011006070512e-01
2.1779915016925394e-01
7.9832486855463647e-01
9.5891939501582624e-01
3.3053755785497652e-01
6.7790896366463460e-01
4.4280400630553751e-01
8.4187870472148041e-01
7.7654160667728134e-01
1.6851271515020924e-01
8.7066289922202134e-01
9.9992111392571281e-01
5.1939218342584192e-01
8.9320172796807762e-01
5.9378123591147558e-01
1.5587794133933816e-01
2.0147042703419069e-01
4.1077524738455751e-01
7.5617778266117519e-01
8.3387733306003831e-01
7.9787593432340043e-01
3.2139976285986549e-01
5.3924271750475183e-01
9.0383856882044103e-02
1.1237137810922172e-01
1.3722089617498204e-01
6.8537583908678745e-01
4.9994009523341776e-01
1.9120953025280421e-01
4.9976707190196479e-01
1.4865747870406412e-01
5.5033596063169009e-02
8.5927469680097424e-01
5.6602122440680191e-01
9.3901390571285281e-01
7.0358322642966453e-01
5.8849020813555830e-01
8.2358188351207928e-01
8.8787832956730250e-01
9.9895031290066671e-01
0.0000000000000000e+00
8.7415796192884099e-01
6.1858386771815677e-01
1.0000000000000000e+00
5.3279044495242878e-01
4.8411920016735244e-01
8.0938215562442506e-01
2.2974951115762676e-01
5.0288853878557815e-01
9.0995026171323812e-01
5.8027359465829120e-01
8.5368107080300482e-01
7.4600480600585928e-01
5.9172042923162260e-01
2.4884296062449118e-01
6.7300900736307434e-01
8.3846881703512774e-02
6.3212029278800874e-01
6.6747888257349808e-01
7.3702139518445597e-01
8.9974196566895714e-01
9.9227130813320175e-01
7.6543460730660484e-01
5.7451253105136912e-01
9.2755427091394238e-01
5.7313226628411407e-01
0.0000000000000000e+00
1.0572591844702317e-01
8.6078402772690699e-01
4.7563302141770003e-01
8.4261111541084077e-01
1.9584778155740518e-01
5.4483834406669740e-01
6.2381173632885834e-01
1.5275261892255648e-02
6.0837170386003647e-01
3.5157808816188579e-01
3.3129112555502313e-02
4.8100038158776015e-01
1.7865232234926026e-01
1.0798969126519492e-01
1.9186724358775858e-01
1.3183799256158760e-01
1.7515289109405710e-01
2.6126458778855704e-02
6.2922088119864039e-01
2.6959956940894797e-01
5.3089987843512987e-01
6.9025354553805918e-01
4.9071635100613042e-01
5.2805448648478293e-01
4.3582335190314930e-01
1.0885332745271903e-01
4.8180170202931161e-01
8.5089855440828899e-01
8.7220040233030072e-01
2.5782102352679165e-01
1.9488725541942745e-01
5.5775245814525354e-01
6.3442583093375426e-01
4.0716791691736370e-01
1.9235715745162496e-01
9.4752362013518876e-01
6.6247016406858067e-02
9.0306060283845496e-02
1.2728455828263999e-01
1.5213860733660703e-01
6.1472811061155508e-01
5.6663807337193461e-01
3.5719737240108421e-02
9.3049401317544223e-01
7.2434855442278157e-01
7.3369195493387984e-01
4.7247992020161625e-02
8.5847345714001910e-01
9.3375478268561418e-01
9.8463799034356714e-01
8.5694497562912297e-01
7.8225878834031981e-01
5.0523164778644192e-01
1.6347898512286757e-01
3.8840018972130125e-01
1.1903030967743085e-01
1.4154185775511535e-02
9.3857569388595863e-01
2.8938484873200843e-01
2.8350985727575667e-01
3.2157816960232233e-01
4.5809798635584126e-01
6.4245281476586447e-01
8.3920308378357764e-03
8.3991489276557907e-01
5.5169955921427372e-01
8.5201996326001816e-01
3.3678710644785875e-01
4.3668185094210860e-01
3.7919813631684778e-02
1.6297524736874505e-01
6.5732256173709736e-01
3.1943336755426827e-01
8.9719634631378009e-01
1.0297340063007944e-01
9.8872916695974389e-01
5.3230996367743677e-01
7.0221718524592358e-01
1.0000000000000000e+00
2.7568856286597065e-01
4.0461688322544087e-01
4.5583007214288734e-01
7.6027230498999665e-01
8.1548500837142157e-01
8.4720474641592672e-02
1.6400263788080505e-01
3.4875210927486228e-01
4.0428905584688681e-02
5.1389137286740438e-01
3.2454271627231240e-01
1.6151113398211231e-01
1.9538121058830396e-01
9.0398246565698825e-01
6.7012969068045303e-01
4.5952292325577415e-01
9.1108562450404706e-01
8.8577982116331735e-02
7.4153353439994873e-01
7.3208973173710257e-01
5.5457880124587966e-01
1.7649553869599258e-01
5.9577978735028458e-01
2.9399467806233354e-01
1.2566460966940302e-01
2.0533402016951036e-01
8.9802778016256879e-01
6.2043552642915868e-02
2.3567251186642876e-01
4.4076581714112391e-02
4.3793114771492636e-01
2.9912926480837603e-03
9.0031159157485874e-01
1.8914875884654336e-01
8.4293829060360467e-02
3.0153732670523037e-01
4.5248428159552956e-01
9.2718630516457554e-02
1.0000000000000000e+00
3.2663844422960042e-01
2.9136520135962346e-01
5.2493213297268380e-02
2.9227597052664744e-01
3.6561121643430533e-02
5.0260388951033430e-01
7.6248606419966503e-01
6.3015219687386581e-01
8.0762175846827516e-02
7.1595941498217394e-02
7.7854068065570603e-01
9.0837551541298478e-01
5.3137777900051875e-01
1.0031702124986018e-01
8.2784596262227139e-01
3.3273444584911588e-01
2.8794024606579666e-01
7.4714429344276256e-01
0.0000000000000000e+00
3.8689001181322624e-02
6.6755741087880038e-01
6.0213135706137000e-01
5.2359191862513443e-01
7.3028837032197402e-01
7.0749166759038506e-01
7.8273996210685981e-01
2.8185318603255383e-01
6.9254678919779833e-01
5.5462310758286515e-01
3.9204401324923677e-01
5.2031761766004651e-02
7.8152021030186003e-01
3.3221279402621484e-01
6.0659601322112700e-01
7.4200814580398533e-01
9.5910182646008452e-02
1.1933545544741027e-01
5.4738519535111096e-01
4.8209866630784376e-01
8.9349401826266805e-01
8.0058999155947319e-01
7.3499028479639095e-01
4.1617317260812525e-02
6.3497775058327113e-02
7.9377284932342168e-02
7.9997132979071561e-01
9.4682358992705429e-01
6.8359659768546333e-01
1.2359367857357101e-01
7.2319747491701203e-01
1.0153448717992362e-01
1.0878218930074930e-01
6.3994651523206436e-01
3.2331007678960799e-01
6.5323930067283875e-01
7.5000508883866646e-01
5.8154134807183888e-01
7.4076788626580270e-01
2.2789664260982864e-01
7.3561609673917361e-01
9.7483262340464050e-01
8.6959136041615392e-01
7.7049562914565620e-02
3.6150334901701586e-01
3.6430744961292116e-01
6.8492941948039021e-01
5.9652115351534807e-01
7.9084804457178304e-01
3.6273810692720404e-01
1.9866059942548406e-01
7.7488135746783551e-02
7.7315354020645255e-01
1.9830189994309605e-01
3.8366968149411451e-01
5.4965758545969468e-01
2.2193385474663568e-01
6.4118776549735823e-01
4.8133826447803552e-01
1.4365611908148726e-01
7.8330329700066303e-01
9.1639428540153500e-02
2.8803494221087012e-01
2.3048138137528873e-01
5.2843408519186919e-01
8.2393641752704846e-02
4.0097208749809016e-01
9.5943688598068205e-02
1.0658313374024994e-01
7.9236420195850898e-01
2.8950703342067002e-01
6.0779957934388518e-01
9.7601089552010545e-01
4.3328072975001708e-01
7.0086907410443910e-01
7.6550140477606665e-01
4.3344125404197370e-01
6.6081849107353674e-01
1.0400291318008127e-01
9.4472595823533623e-01
1.8328524228133880e-01
2.6360038627091575e-01
8.0603849232889746e-01
4.8951781711073150e-01
7.7658071175382182e-01
3.9606237318646426e-01
2.7049749433363540e-01
3.0011128557072286e-02
6.7897644646495048e-01
4.3030094025279630e-01
4.5292562030708561e-01
6.1425161215997648e-01
5.2629571722407363e-02
3.1423998235847522e-01
7.8042094371566695e-01
7.0258397015860063e-01
1.1989608823027804e-01
1.2481313574713995e-01
8.6247117255586064e-02
0.0000000000000000e+00
4.2371489905685494e-01
6.6089515062593651e-01
7.2961095248583463e-01
5.3400804836064353e-01
1.0304678763959470e-01
6.3660533261669583e-01
1.2108746361545762e-01
1.2904922670636701e-01
9.2615510300573384e-02
1.3692988205866805e-01
1.6368599231717151e-01
1.9225166034866861e-01
3.1594216808304726e-01
3.1487007286765434e-01
2.1399849547925393e-01
2.4815627867207143e-01
9.0305996355646512e-01
7.0951197291368062e-01
5.5903435967826109e-01
1.8019668594932384e-01
2.0835378027365778e-01
7.0937139182669792e-02
9.2436156325958485e-01
7.1307481516270566e-01
5.6112699697538648e-01
3.1180919641993465e-01
1.6159671018549790e-01
6.2714815715103001e-01
1.0000000000000000e+00
1.6591096164042532e-01
2.5504364230151721e-01
3.9687102713727229e-01
6.7517091079911135e-02
6.8999674409275902e-01
4.0257343680193441e-01
9.9479700191811493e-01
4.0236494331887862e-01
6.2528581128278538e-01
1.4952285745644495e-01
3.8110336416226043e-01
1.5642426211337740e-01
7.6551482773710977e-01
8.8080615068558532e-01
3.4991470060635932e-01
6.9146559479502667e-01
2.9213766077606351e-01
5.3341629121365697e-01
8.4133347892736865e-01
6.0163372092659761e-01
3.3413550837364275e-01
2.9731704529578662e-01
4.5379623972514488e-01
4.2324175844783624e-01
3.5892341705163738e-01
5.6166798799850892e-01
7.4963192165166237e-01
4.2496515964866383e-01
4.3008803585425120e-01
1.1942734461221770e-01
1.6950798579799947e-02
2.8809387928506819e-01
3.1598380378196972e-01
6.5897390460411287e-01
9.6837225371553026e-01
9.4673697278254199e-01
4.5919743785214323e-01
2.3737850748777575e-01
7.7141772306726641e-01
7.6675442971865304e-01
7.4769612656160400e-01
7.5079808729225217e-01
1.0009047823536732e-01
6.8740966202904108e-01
4.5339430684491194e-01
1.9624558031434783e-01
7.9862323399013918e-02
8.2239163287996009e-01
1.5819672770126827e-01
1.4648120451914828e-01
6.6100658114070565e-01
8.9491314706011071e-01
5.0797638963221459e-01
6.9860649168980449e-01
1.3626116832052437e-01
9.5540435103422772e-01
5.3288850700040791e-01
6.7508455285232505e-01
1.6413493987618297e-02
8.0767468359188388e-01
7.4562962862904181e-01
1.0205280118418070e-01
5.1666787853262430e-01
3.1265541869969471e-01
5.3858798873327074e-01
3.8746295079700233e-01
4.0406630347439654e-01
1.6406279379216765e-01
2.4051078665065015e-01
0.0000000000000000e+00
9.2490517173854214e-01
6.4842313372309413e-01
9.3405853266052741e-01
1.4642227653880341e-01
9.2226467757333197e-01
7.9277816532527745e-01
5.7027850265235658e-01
4.2960961057386821e-01
2.4279145265473781e-01
7.4903734276356404e-01
2.1314965229027169e-01
4.4703293115365111e-02
7.6479118706170801e-01
6.6634722889572273e-01
7.1141819087534852e-01
6.3650357612309860e-01
4.0811652227245770e-01
3.7914862368995994e-01
8.1477809625355013e-01
3.0404707778341411e-01
8.1313919892243314e-01
7.8705921362719589e-01
8.5177245354799425e-01
4.9679159258198502e-01
6.2994991244000209e-01
9.5277993750677192e-01
4.3363284664760726e-01
4.0434571805696554e-02
8.6660756756944712e-01
6.2536946853752395e-01
3.4260011548374247e-01
1.0000000000000000e+00
2.0854326944964380e-01
6.4714422168194519e-01
5.9854001190673700e-01
3.7554722299610238e-01
1.2458313770042478e-01
4.7100503256805168e-03
4.1023022308360430e-01
1.6750635866578098e-01
7.2223550196519271e-01
3.5825761016137231e-01
8.4081069300902112e-01
7.3089367415247064e-01
5.6375670453601245e-01
1.6008651947517771e-01
9.5942594184165098e-01
2.5068551928222044e-01
9.2583227133174195e-01
2.0813250894062574e-01
3.6153587711593110e-01
6.8578396237120684e-02
6.3451243950747827e-01
1.6393900830820249e-01
2.5106143207021193e-02
7.1957101155000880e-01
3.3478008427848271e-01
6.5550676478738135e-01
3.7208901222952140e-01
6.2143464035578566e-01
1.1408879205947516e-03
9.1148370698079562e-01
7.9882114259640868e-01
7.4279145179045092e-01
8.1167785044503893e-01
3.7151317898550729e-01
6.1112475276763878e-01
5.6833339233401992e-01
5.2179507428471295e-01
2.6066815532435944e-01
2.3359014582317872e-01
4.4149241745477302e-01
2.1216994115606250e-01
8.0280583983048803e-01
9.8883830773196457e-01
9.6840659220677177e-03
5.2754281900715538e-01
6.8145069293811589e-02
8.0039086640368640e-01
9.9148026238885223e-01
5.7852227477387629e-02
9.4111717454948396e-01
8.4790814643367768e-03
6.8239011490815593e-01
7.8352607786819184e-01
5.3083373052564420e-01
8.8640852563646599e-01
9.0022309016699276e-01
6.2377152415490189e-01
1.2965395121149370e-01
2.1057720714042605e-01
1.7447472625871602e-01
3.2414425960222676e-02
9.8343315592830743e-02
6.1415971634360522e-01
9.4138307799007670e-01
3.4892498443102121e-01
4.0579453503113883e-01
9.8662533613793746e-01
9.4737460454974531e-01
6.7510702066387585e-01
9.9062717154667090e-01
7.6641146963191986e-01
3.3094845087963459e-01
6.6066743462172706e-01
2.3726764192559932e-01
2.8924591897977198e-01
6.7868450872173547e-01
5.2446502802505235e-01
4.0677091107979535e-01
6.0018335200122708e-01
7.4989798182727896e-01
5.8084152749212359e-01
5.4870748635959554e-01
5.8087943606089176e-01
5.0823948605788749e-01
7.3692612531708210e-02
7.1856447906942733e-01
9.9857835818382013e-01
3.4900453223712052e-01
9.7337249433638440e-01
3.4081877939026439e-01
8.8760761560845725e-01
4.5040644462227813e-01
4.0862741381906692e-01
2.1050682011447525e-01
1.1728816541439550e-01
3.0281942728363448e-01
7.2517975949440172e-01
7.8265095762721104e-01
6.9246242033217575e-01
0.0000000000000000e+00
8.4374006962683401e-01
9.2383929635664663e-01
7.7058539993814779e-01
3.3264828467105420e-02
3.7294949625125168e-01
7.0314520746989440e-01
7.2863061841351151e-01
2.1713293872128961e-01
2.6246555733869698e-01
6.7144872270662936e-01
4.7348631893405874e-01
6.2152278185732990e-01
2.2945160460748490e-01
1.6939522207030161e-01
8.3000193642325215e-01
7.6650286925589861e-01
9.3613610805155534e-01
9.9302301944645649e-02
1.7456222714669933e-01
9.0399694427283822e-02
4.8591001278254420e-01
1.8571660279646524e-01
8.9707117967165750e-01
9.0393991876568630e-02
3.4789205570979087e-02
5.5427832489194373e-01
7.7214534312463323e-01
3.0588238767634540e-01
1.7127698322335624e-01
3.3323282988146319e-01
2.0282636542129043e-01
5.0655142073311954e-01
9.0767372446659544e-01
6.2679484796276419e-01
9.2868523988534860e-02
3.8577512199040526e-01
4.5369775338113628e-02
4.9757188759971727e-01
4.2714802419359060e-01
1.0000000000000000e+00
8.1173754076554538e-01
4.8174691653774360e-01
8.9560946730585056e-01
1.2932755789070863e-01
3.8491475113296963e-01
9.2892579194280434e-01
9.1894116857249286e-01
7.1249404210528300e-01
6.1607708714676979e-01
3.3761873368290235e-01
9.3770436001103230e-01
1.1639670554726209e-01
