tensor
4 
3 5 7 11 
8.1542376722116983e-01
9.0808094807212680e-01
1.1568748071991172e-01
9.1579718896783535e-01
6.2987748971189239e-01
8.5727297711643474e-02
2.6984240654792879e-01
5.4290837421984017e-01
9.6069815169688966e-01
9.6820864503551929e-01
1.4684810354085467e-01
9.7401241749509471e-01
9.6035233426082356e-01
4.8032936867231968e-01
8.0072854900467483e-01
1.3853278029278729e-01
4.2101916871497441e-01
9.1960256371734173e-01
7.9492175680735377e-01
9.6376774982867708e-01
6.5718178976404007e-01
3.1367430541315820e-02
8.5237485810926827e-01
9.3803064461479591e-01
6.8039080108869798e-01
7.6013295285044535e-01
7.4538898988329216e-01
3.9120932866145397e-01
6.5691652857891802e-01
1.6810652384527483e-01
7.0635765911339721e-01
3.0745452700199075e-02
2.7634414324975715e-01
4.5113748844046044e-02
9.6179880165132611e-02
8.2401302395742704e-01
6.9511691829059807e-01
3.1660400292609026e-01
9.5104027501693655e-01
3.3364109179112096e-02
4.3850129064804422e-01
3.8119672968677160e-01
7.6595175850173403e-01
7.9569646272947891e-01
1.8610691200433627e-01
4.8618481354922799e-01
4.4143385177782835e-01
6.4476306788199456e-01
7.0863235033951544e-01
7.5454179556519385e-01
2.6967438193341253e-01
6.7858562892899577e-01
6.5366195847310982e-01
1.5479064540793858e-01
1.1061113912536405e-01
4.9489596358392912e-01
9.6225762295571649e-01
3.3486946217183228e-01
5.8292636194739400e-01
2.1678430535897869e-01
7.5664775385258576e-01
2.4646165986938290e-01
5.0440907698808002e-01
7.0298332496087768e-01
9.0022790764062022e-01
9.7054767303988598e-01
5.4683288217888981e-01
1.2670132623916425e-01
1.3767224590004251e-01
2.4894295653424553e-01
8.4862443051714165e-01
2.4562576236151432e-01
8.2144542868120696e-01
2.3456471962037459e-01
9.3967174945619003e-01
3.4982197146474903e-01
1.9627518675526975e-01
2.5082001667039200e-01
6.1615740827879750e-01
4.7325428288682803e-01
3.5149944160410540e-01
8.3116297815036022e-01
5.8534506329824443e-01
5.4976790909785878e-01
9.1761712715264665e-01
2.8561103854350450e-01
7.5745860819783317e-01
7.5398389178338865e-01
3.8031548380351282e-01
5.6788461542226443e-01
6.4882750298726144e-02
4.2659865004024237e-02
5.2644561916729182e-01
7.7842917384334032e-01
9.3552566181222541e-01
1.1972114612701074e-01
5.6502502202362226e-01
4.6414521222495397e-01
0.0000000000000000e+00
3.2995266360875891e-01
1.5246687593425604e-01
7.9376644730664225e-01
3.0366809533648825e-01
5.2414825348926519e-01
1.5598373504946550e-01
5.9897017123669838e-01
2.5404456315895624e-01
6.5197630310767396e-01
6.8772473925041155e-01
7.4769014472080331e-01
4.4488754490991345e-01
7.1768905444943507e-02
2.1945712521496863e-01
9.1575802268817164e-01
1.4152170110645579e-01
8.2671061056828510e-01
5.3422030302644963e-01
1.0000000000000000e+00
6.6024549200971547e-02
4.3688701929870377e-01
1.0297045606504882e-01
9.6619585086228355e-01
0.0000000000000000e+00
7.7746349915793256e-01
8.2025181150267545e-01
8.7212281754547583e-01
8.0546230723157877e-02
3.9883545795155284e-01
2.5761772486704188e-01
8.0285625793988902e-01
4.3076177907945451e-01
9.1446715872442230e-01
1.7886633335771776e-01
2.6158693185843396e-01
1.4221950395419580e-01
1.3519744985117865e-01
8.6994250772382886e-01
5.7975400503724395e-01
5.4984769363442576e-01
1.4410212794807384e-01
8.5364767671226882e-01
6.2219242479547976e-01
3.5052714713561089e-01
5.1316106604600031e-01
4.0148832338515783e-01
7.4970873929056644e-02
2.3926052418807436e-01
1.2242137103206234e-01
1.8313594386044305e-01
2.3929697176995529e-01
4.1274756492070974e-01
4.0368858299172687e-02
9.0449041295149746e-01
9.4710694087439107e-01
4.8729876770679165e-01
4.8566642126823900e-01
3.3216857674676564e-01
9.0179363342488261e-01
3.6410469784173899e-01
1.0271515227785021e-01
7.8043863505161992e-01
3.8486243151452637e-01
2.3489545604902168e-01
3.9921949593113881e-01
8.7775712552387503e-02
1.1986231731389575e-01
9.5281987910892718e-01
9.6730162328868186e-01
5.7561659864369819e-01
4.5629488139618209e-02
2.2557266416997104e-01
3.4729487319111024e-01
8.2854979041055987e-01
0.0000000000000000e+00
2.8400488583665531e-02
1.5792457501100188e-01
6.5161094461806401e-01
7.3655104981722486e-01
6.5020275156150520e-01
4.4782134003099577e-01
5.4705039199802152e-01
2.9610364063569378e-01
7.4493828076792223e-01
1.8862706801799434e-01
6.8696114682335196e-01
1.8317759164628930e-01
3.6834189147522828e-01
6.2574117137606455e-01
7.8050957414286704e-01
8.0686561606566468e-02
9.2982201454343316e-01
7.7599015918916037e-01
4.8677099881329994e-01
4.3578540131828319e-01
4.4672183495365736e-01
2.9873172932920072e-01
5.0383240921424588e-01
5.0612824422813896e-01
8.1744926731815359e-01
7.9432128077239472e-01
6.4161796589932363e-01
3.7204305041190749e-01
8.1131402738518443e-01
5.2850316368511363e-01
3.4375507307855069e-01
9.4058915883945915e-01
8.7661287843302604e-01
5.4608608714898876e-01
6.1945709672646843e-01
5.8351118911494082e-01
1.9785195328954680e-01
2.9298741984691379e-01
4.6562490928284744e-01
2.2099468350316706e-01
8.4552506514439041e-01
1.8464751400996052e-01
2.1634863151659411e-01
1.6017154584623688e-01
2.1812155124608021e-01
4.2978565601361768e-01
3.0301533984182111e-01
9.2597551784025034e-01
4.2419855289170189e-01
1.7452597552794888e-01
9.0715408538661568e-01
9.8421270510896075e-01
4.3828749620750512e-01
1.0747858470439642e-01
2.5579516932011831e-01
4.0785604575741807e-01
5.9576943834965157e-01
2.5998091631222725e-01
6.0379060537342888e-01
7.1317449541134093e-01
2.1913833343502132e-01
1.1383578120022540e-01
2.9476661804691373e-01
3.1707527909295996e-01
4.2344709071892339e-01
5.0791952074821056e-01
8.4539793329561339e-02
2.6187342902381777e-01
8.0152324967059840e-01
2.8127462911991103e-02
9.2962802812277368e-01
7.3069282385909318e-01
4.8846937182049743e-01
5.7857203122642298e-01
2.3662248792352003e-01
4.5864747511761189e-01
9.6393346290445359e-01
5.4678687261015246e-01
5.2106372071257179e-01
2.3092149001870230e-01
4.8875874112321072e-01
6.2222163862742230e-01
6.7801114006926555e-01
3.9071370050043208e-01
3.6227109704486976e-01
9.9086177154576538e-01
2.8298809896960805e-02
8.8671480153197735e-01
9.1519817916813551e-01
7.9657699487084666e-01
9.0062737629293274e-02
2.5533698473615923e-01
3.2977537636276322e-01
6.7861123113479571e-01
1.2839419997417281e-01
7.2064881658218138e-01
9.3938800950913157e-02
6.5638392593495343e-01
4.9229315325526657e-01
7.8521718293186871e-01
7.1939447366971909e-01
9.1340723467728180e-01
9.0024770319377534e-01
3.2776283495512448e-01
7.0264308879283888e-01
1.8755837425551791e-01
1.5565060677319730e-02
7.4925179759066118e-01
4.9830684039023293e-01
4.7763882230184374e-01
9.1443720411253426e-01
6.0997300594949067e-01
6.1778079503504979e-01
8.5980618003126186e-01
8.0579762931704269e-01
5.7679367337006293e-01
1.8258829790631184e-01
2.3965666257713591e-01
8.8690373841196446e-01
2.8180824640369109e-02
4.8988396362720521e-01
1.6757750171653663e-01
9.7916755639264297e-01
7.1290692888826968e-01
5.0046510583780679e-01
4.7105153803519745e-01
4.8411096468309281e-02
6.7981961724136208e-01
3.0973278080879303e-02
6.0409775179628825e-02
5.1716480579596058e-01
8.6062236781172682e-02
8.1797769136523502e-01
8.1736747807678001e-01
7.2087612641747301e-01
1.3997079492417300e-01
6.5712752232941396e-01
5.1406545583289676e-01
9.7505647215985092e-01
6.4635932770131910e-01
7.9990045418418543e-01
4.4820046672046787e-01
4.2642077305208975e-01
8.2619864911812846e-01
7.1411208343969163e-02
1.2197957185674957e-01
1.6289888148857370e-01
3.8424380045942264e-01
8.3237043329639970e-01
8.0386627903096619e-01
4.8011299699696391e-02
3.9270893293675696e-01
5.2255363256480603e-01
4.1055669226641966e-01
6.5480561399665804e-01
6.2541507910032557e-01
2.9003104681875713e-01
4.3100133645191635e-01
1.0954167262641104e-02
9.8856831656681521e-01
1.6405075238336991e-01
1.0252995863619825e-01
3.7120713901102759e-01
1.9528953179799458e-01
4.8957932825821887e-01
3.3798367817957253e-01
9.5583243017893949e-01
9.2424196731506203e-01
4.8491048877333499e-02
7.4006540339886162e-01
2.6695304878402421e-01
4.2255953600904700e-01
5.4785426529589509e-01
9.4353967925413429e-01
4.1745746064144024e-01
9.8393881441592512e-01
3.0092700981762610e-01
7.0140006148386880e-01
6.6656803179429769e-01
5.3909168477818470e-01
6.9840061492213146e-01
6.6675748590796258e-01
1.7734862639788415e-01
1.2712657881375536e-01
1.0000000000000000e+00
1.7032269001190586e-01
2.3094149844603371e-02
5.5854636456234208e-01
8.8337049000274015e-01
6.6792177008666898e-01
1.8297288128510855e-01
3.6377018131486211e-01
4.5676987377624445e-01
9.8443546923592640e-01
1.4850339200518772e-01
8.5668525154602226e-01
6.4319451881160739e-01
3.7122121111609518e-01
1.8346966770118722e-01
4.2387592042253175e-01
4.7834210005454092e-01
1.0817973255728715e-01
5.9031935387252943e-01
2.1673774683252744e-01
3.7964401530576714e-01
5.8361406637640145e-01
2.4307977077636944e-01
2.8280552758428779e-01
6.1868183410809241e-01
2.5693514733351780e-01
8.3182189743653179e-01
9.9457977831132571e-01
7.3503583545326323e-01
3.3775115245652104e-01
5.8472760435074078e-01
9.4974401182285409e-02
9.0672038209529304e-01
8.8003845338912445e-01
8.1808142574577114e-01
2.6047410875601601e-01
5.9444660427107587e-01
2.2012907303260994e-02
4.2517519642700574e-01
3.1251864169721078e-01
1.6112845295510189e-01
1.7842772671312726e-01
4.2279911615571930e-01
9.3803652138567645e-02
5.9861832238387103e-01
4.7088725051136293e-01
6.9614449254154143e-01
6.9799624715718789e-01
6.3574638541425998e-01
2.2017535899913541e-02
5.7732005879540541e-02
3.1217478909205443e-01
5.2651331776680355e-01
6.5189290374417408e-01
4.0147496912978398e-01
8.1983702634925759e-01
7.1673610218827122e-01
9.7066831388990682e-01
5.2698977688156157e-01
3.1780143146145889e-01
9.5090900902024086e-02
6.0777310087458047e-01
7.7887557659574880e-01
4.1732623061738938e-01
7.8892980318293629e-02
2.5760583989443375e-01
1.4282271005954769e-01
2.7239323302130963e-01
4.3424864439558736e-01
5.2282520080066663e-01
4.5189040045015799e-01
8.7712984511173464e-01
5.1357595689140489e-01
9.4657169347036074e-01
6.3532068408948095e-01
9.6088852064297092e-01
2.3139185449042945e-01
6.7775357022322624e-01
2.8708429731611740e-01
6.7339917760647594e-01
6.9694922002824578e-01
6.3949727365404066e-02
2.5249007608225660e-01
2.2145302843174711e-01
6.6938664536580672e-01
8.4759350758965235e-01
3.4299904059000103e-01
7.8312502513474647e-01
6.7695595858852542e-01
2.1005083262359983e-03
6.0311172769079435e-01
3.8570259668389323e-01
9.1673844279688410e-01
0.0000000000000000e+00
4.6225527671901578e-01
4.2407610110989691e-01
4.6071930302272035e-01
7.7060433287200247e-01
3.2198747741002998e-01
7.8521415102478342e-01
4.7118175490976477e-01
3.4683493945706044e-02
1.7508590234352936e-01
7.2210220612588683e-01
4.7331501141844684e-01
1.5188464512802971e-01
3.4067898106557681e-01
6.0533462769582191e-01
1.8430187938796305e-01
7.3807114603503954e-01
2.3606878587915758e-01
9.1938933611496942e-01
2.6262061053719754e-01
7.6549532420545763e-01
1.8117862626130307e-01
2.8129622575523278e-01
8.2365404644272652e-02
5.7375055059866431e-01
6.8229365431516498e-01
5.4375031205314828e-01
4.2131904390119618e-01
6.4286859183984901e-01
6.5007079389188727e-01
6.8235677173924225e-01
6.3790571530630857e-01
9.5603162390581431e-01
1.9899769324809849e-01
7.1347654001954020e-01
2.2706430112336909e-01
1.0693003961349215e-01
6.0861846264153874e-01
4.4701313008728466e-01
4.5584348516871542e-01
6.6480257864033654e-01
7.7620337694748165e-01
3.4427126069747949e-01
6.6486925665230645e-01
4.1606507587799912e-01
8.4227495667568386e-01
8.3325332396422647e-01
2.5618267851540849e-01
6.1357080278782028e-01
5.8232702581473850e-01
5.4077436779112786e-01
8.7031573952677921e-01
2.6452931610248104e-01
3.1787935594205552e-01
1.1881463450663880e-01
9.4027628971874222e-01
6.4569505318751708e-01
4.7943502977034280e-01
6.3945370595361584e-01
5.4056669723263873e-01
6.4465487043321834e-01
5.3972444130686847e-01
7.1946288633692956e-01
5.1802257093623727e-01
9.9608817227072421e-01
2.0978321502670869e-01
9.5262430857826166e-02
9.9218356914595768e-02
5.2441401368119374e-02
3.9839154636028923e-01
4.4282166691726677e-01
3.5906369835699947e-01
7.6253868768720123e-01
6.2495727231762876e-01
7.7193469472530818e-01
9.3561474413212598e-01
9.7619796862573893e-01
1.8186383804844325e-01
1.2778227463354142e-01
6.9489961137203293e-01
8.1942007499057876e-02
5.2105653292689780e-01
5.2608253578929287e-01
8.6264974615796652e-01
4.7979794031091250e-01
3.8680630237362001e-01
6.6963109725709402e-01
7.4067621712730580e-01
5.1561121755529316e-01
3.4627962794473383e-01
1.4671937645666677e-01
5.8688328354570241e-01
2.5991386641666575e-01
4.0191417562310872e-02
7.5729989935018316e-01
2.4037326347472646e-01
4.4185279547991557e-01
6.8953627666782147e-01
3.5790261573880677e-01
7.3853321789961390e-01
3.9371292892991555e-01
6.8511518777498970e-01
7.0593925919620859e-01
4.4175499171478061e-01
1.8464800792340114e-02
3.3039095119424572e-01
4.2403647607759598e-01
2.6967777792913344e-01
1.9630923110363607e-01
8.2227277712782365e-01
4.2966003311565648e-01
8.8845959697997623e-01
3.9084123857653996e-01
7.6955682261161285e-01
3.9646139758074400e-01
8.0903828388674848e-01
7.5549040743384310e-01
3.7702517955699716e-01
2.1531370080981421e-01
7.9072544538385392e-01
9.5168222193635166e-01
3.2188295553364776e-01
6.7003792057315770e-01
4.3440264132733741e-01
8.3437752513020158e-01
7.6889304740716868e-01
1.5949263639978095e-01
8.6322664760379242e-01
9.9277642766223495e-01
5.1116357697662984e-01
8.8581631676733463e-01
5.8572042746664776e-01
1.4682936256423593e-01
1.9252469038247746e-01
4.0261059009002770e-01
7.5401406885234989e-01
8.3306355320706771e-01
7.9643667452410616e-01
3.1168231663976909e-01
5.3331002422092422e-01
7.6652793926443766e-02
9.9022321244483902e-02
1.2430356906995833e-01
6.8198202874225577e-01
4.9332456731173380e-01
1.7923018914638333e-01
4.9314853791307600e-01
1.3593884812965987e-01
4.0688365880309926e-02
8.5106754127620166e-01
5.6061500886673832e-01
9.3004514031943342e-01
6.9686312052473420e-01
5.8286938550345302e-01
8.1571563930573521e-01
8.7939797332620406e-01
9.8940907933470856e-01
0.0000000000000000e+00
8.6580865247811722e-01
6.1267561273709092e-01
9.9044874060026755e-01
5.2770162520698927e-01
4.7949525210616306e-01
8.0165153670254163e-01
2.1908289169183667e-01
4.9326651188863163e-01
9.0188500118001336e-01
5.7094751907597807e-01
8.4540061444371983e-01
7.3731255266895190e-01
5.8243813090968821e-01
2.3824936212388459e-01
6.6403758898160614e-01
7.2622272397068713e-02
6.2299249965568337e-01
6.5848631478943398e-01
7.2829478570200468e-01
8.9163766454061488e-01
9.8452087611092431e-01
7.6893190114985466e-01
5.7807642158214390e-01
9.3099501481393454e-01
5.7669663827341477e-01
3.7642897316422954e-03
1.0945332927973353e-01
8.6424806216044403e-01
4.7923140271001918e-01
8.4608148884815704e-01
1.9954375643637756e-01
5.4841258543063365e-01
6.2735843050479823e-01
1.9034223367139735e-02
6.1192378376735879e-01
3.5521974180797355e-01
4.5317290439902159e-02
4.8946058166707296e-01
1.8962919838478648e-01
1.1955474684816041e-01
2.0273412164734958e-01
1.4320454034986005e-01
1.8615889559338947e-01
3.8372925148499215e-02
6.3644732780677782e-01
2.7981942140226473e-01
5.3894472653811709e-01
6.9697197023504720e-01
4.9909567758260648e-01
5.3612301897828840e-01
4.4465959522436932e-01
1.2303598645599589e-01
4.9022131917639655e-01
8.5361464593560521e-01
8.7458732379130899e-01
2.6970173639966910e-01
2.0774046197908491e-01
5.6499843460546717e-01
6.4048700036233197e-01
4.1674082405525364e-01
2.0524946073748551e-01
9.4874659804115280e-01
8.1088055954557453e-02
1.0477532377261863e-01
1.4118240586971331e-01
1.6565239392554226e-01
6.1907998441758016e-01
5.7121852746170398e-01
4.2823738219919645e-02
9.3334499690635309e-01
7.2817938325590115e-01
7.3747837296462626e-01
5.4297197206499642e-02
8.6166676705903356e-01
9.3659026741376605e-01
9.8723161836476081e-01
8.6014555068573162e-01
7.8581435979248515e-01
5.1010397726225243e-01
1.6997572424953275e-01
3.9382783937084592e-01
1.2187557733655011e-01
1.5923509234484261e-02
9.4982883428187614e-01
2.9397781616725427e-01
2.8804255205076218e-01
3.2650141446950554e-01
4.6442181411621358e-01
6.5066797394674469e-01
1.0102239247978742e-02
8.5015585314570419e-01
5.5898366340072581e-01
8.6238511187199518e-01
3.4186638270503356e-01
4.4278596647599261e-01
3.9932953209172756e-02
1.7676736232053827e-01
6.6296904543432444e-01
3.3064743643041472e-01
8.9889029837988976e-01
1.1775419884952762e-01
9.8891488264426219e-01
5.4001634837214463e-01
7.0712391566081989e-01
1.0000000000000000e+00
2.8762343883044766e-01
4.1442733669303289e-01
4.6479665786776697e-01
7.6422242942336926e-01
8.1852536287332911e-01
9.9802036312358636e-02
1.6863337706012965e-01
3.5279249516067240e-01
4.5454515500597391e-02
5.1740406843066689e-01
3.2866046148578498e-01
1.6614983457816682e-01
1.9991168185560762e-01
9.0624865393846366e-01
6.7314313823614014e-01
4.6320934918507950e-01
9.1332911516594029e-01
9.3449735213621959e-02
7.4431881624565399e-01
7.3490519055686487e-01
5.5796148313621186e-01
1.7389289657514753e-01
5.9411634440187588e-01
2.9165523470177829e-01
1.2294810596985771e-01
2.0279597641605254e-01
8.9704137448811194e-01
5.9184537403047771e-02
2.3320242651204309e-01
4.1177320354143954e-02
4.3591412288932679e-01
0.0000000000000000e+00
8.9933030165133998e-01
1.8657446001293651e-01
8.1484654569971546e-02
2.9921477892180715e-01
4.5563556407748446e-01
9.7940580845462408e-02
1.0000000000000000e+00
3.3051404524595995e-01
2.9544382111791390e-01
5.7946685112051873e-02
2.9634934826023490e-01
4.2106292234417100e-02
5.0546670348423495e-01
7.6385309984804584e-01
6.3228089357389361e-01
8.6052942768452753e-02
7.6939465615220401e-02
7.7981531232390544e-01
9.0890286946601295e-01
5.3372606110731347e-01
1.0822725702163045e-01
8.2636893177539328e-01
3.3764581214991068e-01
2.9342958950595005e-01
7.4670855187260932e-01
9.2046208763471773e-03
4.7394419965979581e-02
6.6814857455390875e-01
6.0356670957360092e-01
5.2604066126764537e-01
7.3007011981704184e-01
7.0756756170898327e-01
7.8184493154733836e-01
2.8742107047940313e-01
6.9158126941301235e-01
5.5395767628418402e-01
3.9173231463604974e-01
5.2459847362534097e-02
7.8036110592790087e-01
3.3203127363759521e-01
6.0581750148267777e-01
7.4093501010110008e-01
9.6242799438773563e-02
1.1961710452694981e-01
5.4673551199432602e-01
4.8159103060693814e-01
8.9209128603509524e-01
7.9938939596572534e-01
7.3393241825729827e-01
3.6943231092436801e-02
5.9105410393423943e-02
7.5189376656675203e-02
8.0506141924204000e-01
9.5380447343290942e-01
6.8718830603350789e-01
1.1997507780554477e-01
7.2729906376096520e-01
9.7631863626710821e-02
1.0497288342658580e-01
6.4297620760360275e-01
3.2226292148649049e-01
6.5644014410229234e-01
7.5445183871025490e-01
5.8381904559687026e-01
7.4027299291154991e-01
2.3454629922241835e-01
7.3519297035986220e-01
9.7107709254994312e-01
8.6730189238189270e-01
8.5800593919980503e-02
3.6629179815962365e-01
3.6905683624799457e-01
6.8521238357272851e-01
5.9803568845803579e-01
7.8965550985473132e-01
3.6750935528170875e-01
2.0571752857274411e-01
8.6233057215833062e-02
7.7220749868265437e-01
1.9659191820654742e-01
3.8184588835633787e-01
5.4773187970377490e-01
2.2020936355290177e-01
6.3920586239172883e-01
4.7945450515739602e-01
1.4197968855237622e-01
7.8123413834479005e-01
8.9994935019665101e-02
2.8626986652438313e-01
2.2875164220386149e-01
5.2652141015943454e-01
8.0754824925010266e-02
3.9913767109528087e-01
9.4296552364459205e-02
1.0072809581207852e-01
7.8459938006689944e-01
2.8314258345660370e-01
6.0054873862326830e-01
9.6773464873423098e-01
4.2651589442633825e-01
6.9335905062591840e-01
7.5781139121855912e-01
4.2667597168536742e-01
6.5342000167599834e-01
9.8155060728552915e-02
9.3653683469373394e-01
1.7721660198990261e-01
2.5730808192527777e-01
7.9823558985782739e-01
4.8747602166573012e-01
7.7145575998163751e-01
3.9502432203799775e-01
2.7080805409215636e-01
3.2904596361466261e-02
6.7489979878814410e-01
4.2889515486680152e-01
4.5127683790976825e-01
6.1087013193997919e-01
5.5280109501857036e-02
3.1408073242986057e-01
7.7525474650322557e-01
6.9825376938453432e-01
1.2182415999322407e-01
1.2668839669250706e-01
9.1390520501665906e-02
6.6830748317826616e-03
4.2283387422622803e-01
6.5578001681113818e-01
7.2326911369840574e-01
5.3115808551232613e-01
1.0789028549796426e-01
6.3192381726707936e-01
1.2560890182626128e-01
1.3342853262575918e-01
9.7645225876503081e-02
1.4116850361075903e-01
1.6744696749660903e-01
1.9550268518084549e-01
3.1698508711134649e-01
3.1060213763465583e-01
2.1045466231173873e-01
2.4436724539960480e-01
8.9456973374087823e-01
7.0241111861320982e-01
5.5301370213265244e-01
1.7689549754588776e-01
2.0485046743947394e-01
6.8420265504311129e-02
9.1571842087196842e-01
7.0594838515995773e-01
5.5509131752739083e-01
3.0756323355036458e-01
1.5842904086857981e-01
6.2063854778455274e-01
1.0000000000000000e+00
1.5940729705622644e-01
2.4923497433260816e-01
3.9216823359831615e-01
6.0246217358753427e-02
6.8757954748219630e-01
3.9791510681312103e-01
9.9475643244315415e-01
3.9770498763829926e-01
6.2236404239927401e-01
1.4289140947277457e-01
3.7627762500652950e-01
1.4984662663530807e-01
7.6368647028337167e-01
8.7987675732253967e-01
3.5061576857638044e-01
6.8572014303439199e-01
2.9392922750800310e-01
5.3065390280108926e-01
8.3275938204095934e-01
5.9758377913881855e-01
3.3513439689044844e-01
2.9901085498751012e-01
4.5253662071417916e-01
4.2255883260256111e-01
3.5945445218233507e-01
5.5837236976910620e-01
7.4278862362529985e-01
4.2424970588431721e-01
4.2927589160219420e-01
1.1461445767727603e-01
1.2714291355614034e-02
2.8233232680437170e-01
3.1006538431817410e-01
6.5112633605442383e-01
9.5878447301122072e-01
9.3727087979555967e-01
4.5247351277581910e-01
2.3190220380262461e-01
7.6293771384630837e-01
7.5830064920831719e-01
7.3934953954759930e-01
7.4243405328868806e-01
9.5386351576613002e-02
6.7940215645693802e-01
4.5782844176167720e-01
2.0235000050137800e-01
8.6722700041103731e-02
8.2442898051039892e-01
1.6454829061744028e-01
1.5290886450983648e-01
6.6409219013490040e-01
8.9647943804350061e-01
5.1205599178449746e-01
7.0144787401563979e-01
1.4275521159124843e-01
9.5657772711447275e-01
5.3680629484681186e-01
6.7807871971066958e-01
2.3685996509588005e-02
8.1207686891506892e-01
7.5092658582071858e-01
1.1663098861661900e-01
5.2526676741038958e-01
3.2419643745371912e-01
5.4687076058972761e-01
3.9792514585892025e-01
4.1428905620030104e-01
1.7774671500170974e-01
2.5309222655119196e-01
1.6049923989929861e-02
9.2761673815606249e-01
6.5512193731701240e-01
9.3663809549033161e-01
1.6036059737122288e-01
9.2185504932223894e-01
7.9515332232076419e-01
5.7743882041264594e-01
4.3979520601375444e-01
2.5699482910466293e-01
7.5235320620969459e-01
2.2799051635882150e-01
6.3166827435251482e-02
7.6776824245426811e-01
6.7144145678413614e-01
7.1554310583849312e-01
6.4223963274334206e-01
4.1876435608888268e-01
3.9041945194183947e-01
8.1668011452585110e-01
3.1161395234106976e-01
8.1517087692299905e-01
7.8937445100497661e-01
8.5338408447041225e-01
5.0226281739294254e-01
6.3397334923181503e-01
9.5329334621314377e-01
4.3979077639570641e-01
5.0867621216400427e-02
8.6805790102006009e-01
6.2944270703764504e-01
3.4974781513634012e-01
1.0000000000000000e+00
2.1714852651044109e-01
6.5098071022340109e-01
6.0623982579581936e-01
3.8234450126546110e-01
1.3036467000168636e-01
1.0006411192787282e-02
4.1716787648854825e-01
1.7346161737328086e-01
7.3043595798858940e-01
3.6498491086997314e-01
8.4949106739235858e-01
7.3912917305254011e-01
5.7131573730823793e-01
1.6601174730502072e-01
9.6858639671385460e-01
2.5697743531232614e-01
9.3485675999454221e-01
2.2347838085649055e-01
3.7342634345315334e-01
8.7067719729662318e-02
6.4025411818934408e-01
1.8028033730197518e-01
4.4574677700097751e-02
7.2339674882952376e-01
3.4727322392680121e-01
6.6077554701622332e-01
3.8374176956219297e-01
6.2747089601260730e-01
2.1149238962651373e-02
9.1098661741307962e-01
8.0086177340672970e-01
7.4609414945421459e-01
8.1286867909294114e-01
3.7680832866352287e-01
6.1418564130408759e-01
5.7179328945049057e-01
5.2568891853474731e-01
2.6699688082341344e-01
2.4017136056331784e-01
4.4613504484114636e-01
2.1895088886475872e-01
8.0407939565325404e-01
9.8837720146165498e-01
1.8353095728011967e-02
5.3138306833903826e-01
7.6268978736541412e-02
8.0168694067662671e-01
9.9288823712267615e-01
5.4599354071487013e-02
9.4227372720139790e-01
4.9797279537881706e-03
6.8225505303101397e-01
7.8389590589066205e-01
5.2994207044686448e-01
8.8729196234179508e-01
9.0117549179730860e-01
6.2334382716029424e-01
1.2675952562204801e-01
2.0808676578533616e-01
1.7180405447505626e-01
2.9034562226861294e-02
9.5292581374766525e-02
6.1751790303190057e-01
9.4375129151847059e-01
3.5308560546980405e-01
4.0978310439113413e-01
9.8885667489970608e-01
9.4972469146746241e-01
6.7828081894193726e-01
9.9284640325830387e-01
7.6930903777346782e-01
3.3516345766164307e-01
6.6388491805279792e-01
2.4176606822263175e-01
2.9358709153146467e-01
6.8184748375924542e-01
5.2809457472130772e-01
4.1129410750892198e-01
6.0273522204930274e-01
7.5092390867335945e-01
5.8359053609411449e-01
5.5178401620433859e-01
5.8362805828566033e-01
5.1172847973485913e-01
8.1610657987894686e-02
7.1990976779472815e-01
9.9706964876748727e-01
3.5411650354550428e-01
9.7212069178769100e-01
3.4601418271811335e-01
8.8722995831742435e-01
4.5448489262667197e-01
4.0885800242197223e-01
2.1062560919203266e-01
1.1735435117013680e-01
3.0299030840004643e-01
7.2558897870471895e-01
7.8309260785619361e-01
6.9285317713573058e-01
0.0000000000000000e+00
8.4421619246463420e-01
9.2436061921813784e-01
7.7102024156840032e-01
3.3283599822287950e-02
3.7315995179188971e-01
7.0354199257423844e-01
7.2904178494481131e-01
2.1477317346253530e-01
2.6081555917610749e-01
6.7620212241772970e-01
4.7514024623962031e-01
6.2549449740500318e-01
2.2728471114791918e-01
1.6628803339859888e-01
8.3723778381814984e-01
7.7274451975930580e-01
9.4503368479494365e-01
9.5097677256745158e-02
1.7153593762225072e-01
8.6055682735530298e-02
4.8775845629686265e-01
1.8286495592571556e-01
8.9629305721817154e-01
9.8668977892756582e-02
4.3688228276779519e-02
5.5734726907664101e-01
7.7276922777638868e-01
3.1173900876211591e-01
1.7864424244982843e-01
3.3878250473927202e-01
2.0983955491142883e-01
5.1015599037842085e-01
9.0677661267073628e-01
6.2904995984981305e-01
1.0111573903516986e-01
3.9073512965927604e-01
5.4150055321023093e-02
4.9650152961383159e-01
4.2592763729265570e-01
1.0000000000000000e+00
8.1133647199230063e-01
4.8064284550170305e-01
8.9538707680348339e-01
1.2747270307963915e-01
3.8360439171661442e-01
9.2877437755275138e-01
9.1876848323621563e-01
7.1188154791869751e-01
6.1525918913192001e-01
3.3620761623026524e-01
9.3757164722267039e-01
1.1451430323093062e-01
