tensor
4 
3 5 7 11 
8.1593274575141983e-01
9.0651797259805666e-01
1.2659492932575694e-01
9.1555242608762433e-01
6.3251792015048325e-01
9.7118134670544004e-02
2.7444835873075557e-01
5.4686283035902039e-01
9.5797189464596333e-01
9.6757030500975194e-01
1.5678667681989605e-01
9.7107134329787259e-01
9.5977299019894080e-01
4.8522933772308374e-01
8.0058329897773650e-01
1.3649668595273401e-01
4.2148297443096783e-01
9.1615748397702379e-01
7.9319556444176931e-01
9.6032988822396337e-01
6.5589439039204478e-01
2.9280740053748047e-02
8.4973776875989393e-01
9.3443404520711604e-01
6.7861053504030511e-01
7.5815896468617161e-01
7.4337633183160146e-01
3.8929253090321908e-01
6.5568453433881824e-01
1.7084040710272885e-01
7.0618931448605771e-01
3.0745452700199075e-02
2.7668580495255712e-01
3.9843033556344533e-02
9.6179880165132611e-02
8.2378457325170795e-01
6.9486183649217204e-01
3.1660400292609026e-01
9.5067959147017034e-01
2.8002729893201874e-02
4.3850129064804422e-01
3.8142924193321426e-01
7.6624326111007768e-01
7.9569646272947891e-01
1.8654250886952292e-01
4.8778648464285829e-01
4.4535732824158225e-01
6.4645697367981281e-01
7.0954060520310513e-01
7.5509918030983747e-01
2.7578697051191864e-01
6.7958754580649761e-01
6.5530385988684015e-01
1.6225660668837630e-01
1.1338355315091991e-01
4.9824469138541699e-01
9.6021132603342718e-01
3.3694281536189463e-01
5.8532871198734382e-01
2.2351995850696840e-01
7.5185378102150691e-01
2.5447098181589156e-01
5.0595619331540254e-01
6.9915159852512865e-01
8.9159839464963553e-01
9.5975832579040754e-01
5.4580105884095087e-01
1.3775863732571431e-01
1.4892513556883333e-01
2.5325253928366126e-01
8.4130826421694349e-01
2.5402163775366166e-01
8.1548958139590810e-01
2.4287682750258935e-01
9.2969954052118831e-01
3.4663498545044041e-01
1.9584973197182826e-01
2.5082001667039200e-01
6.1530523252727898e-01
4.7311745829002710e-01
3.5149944160410540e-01
8.3219563311118749e-01
5.8532504456630008e-01
5.4976790909785878e-01
9.1940767613150587e-01
2.8527867751311320e-01
7.5745860819783317e-01
7.5433996188912511e-01
3.8008181094884619e-01
5.6788461542226443e-01
6.9817041332016244e-02
5.2908617420522087e-02
5.3082232555581665e-01
7.8002757692705438e-01
9.3479527249237304e-01
1.2951733378975192e-01
5.6762110698892776e-01
4.6921116182441502e-01
1.1391435926788460e-02
3.3364773109550871e-01
1.6136538429284769e-01
7.9458118406132661e-01
3.0748604533188229e-01
5.2847637451806317e-01
1.6529673462138236e-01
6.0110458044269499e-01
2.6236349362395467e-01
6.5423107524140089e-01
6.8919265734635760e-01
7.4855053110972780e-01
4.5048356144571439e-01
7.7862265324930624e-02
2.2829864099222186e-01
9.1375684581921957e-01
1.4709126126266542e-01
8.2637706825724921e-01
5.3837499275834133e-01
9.9912292684832726e-01
7.7184294237535186e-02
4.4261211918815818e-01
1.0091757162813347e-01
9.6274053432026763e-01
4.1160914600426252e-03
7.7572906419731702e-01
8.1784564572555507e-01
8.6906812654864285e-01
7.8482759100963639e-02
3.9945873614218647e-01
2.5961562766730845e-01
8.0113381170298037e-01
4.3115554790212346e-01
9.1106430339480826e-01
1.7684928176240791e-01
2.6319685120798858e-01
1.4516623588887881e-01
1.3062184937036947e-01
8.6994250772382886e-01
5.7977982311049792e-01
5.4847166778157774e-01
1.4410212794807384e-01
8.5338837692263625e-01
6.2137463415353522e-01
3.5052714713561089e-01
5.1325620604382594e-01
3.9896750892073474e-01
7.4970873929056644e-02
2.3964078920051013e-01
1.1774718621843930e-01
1.8313594386044305e-01
2.3967719884118349e-01
4.1457815551969085e-01
4.8604015702872191e-02
9.0312463502563833e-01
9.4727181977655106e-01
4.9072916976355763e-01
4.8923454412243023e-01
3.3425034917048746e-01
9.0076797563777911e-01
3.6910486254154606e-01
1.0551217977187262e-01
7.8071761377471083e-01
3.8961806247129593e-01
2.3728044945514576e-01
4.0359680116692676e-01
9.6031134408285965e-02
1.2648641979941591e-01
9.4285186151437550e-01
9.5659818348146053e-01
5.7406866010646496e-01
5.8750137516904770e-02
2.3449924935001695e-01
3.4984092692826702e-01
8.2174453856075080e-01
1.4896416854627021e-02
3.6664575260269172e-02
1.6818723130419422e-01
6.4926233016094714e-01
7.3211742706189287e-01
6.4793656386668530e-01
4.5086606364031029e-01
5.4559239460754549e-01
2.9578221357736939e-01
7.4493828076792223e-01
1.8402697859026468e-01
6.8704701864258344e-01
1.8317759164628930e-01
3.6531725899458295e-01
6.2576324800935490e-01
7.8050957414286704e-01
7.5140219569139521e-02
9.3016096314194763e-01
7.7599015918916037e-01
4.8478456650058444e-01
4.3560953171616823e-01
4.4672183495365736e-01
3.0257275723982924e-01
5.0841034441958244e-01
5.1077567352694475e-01
8.1886524827021800e-01
7.9532721388618466e-01
6.4446003540761332e-01
3.7554134189432653e-01
8.1211100885784460e-01
5.3285245391177860e-01
3.4738561317099770e-01
9.3979650612936139e-01
8.7632371141037213e-01
5.4877071318540260e-01
6.2261325070000506e-01
5.8712751394731777e-01
2.0299850860051694e-01
3.0071795851037642e-01
4.7088634173389243e-01
2.2596745143288047e-01
8.4490725321976012e-01
1.9444233667124733e-01
2.2135628838121174e-01
1.6990881380544676e-01
2.2737629176817531e-01
4.3319053476138458e-01
3.1059436558575815e-01
9.2380948823483311e-01
4.2764538727786611e-01
1.8404636086839973e-01
9.0529172753224851e-01
9.8257588298073040e-01
4.3862716476053698e-01
1.1071096399204435e-01
2.5381443825883837e-01
4.0841447747238979e-01
5.9498698461524113e-01
2.5800216147435123e-01
6.0294051849461217e-01
7.1142671190159468e-01
2.1714029552334468e-01
1.1650784213094659e-01
2.9645907461168758e-01
3.1512348030765319e-01
4.2389344278460861e-01
5.0785938803934938e-01
7.9573302080089642e-02
2.6187342902381777e-01
8.0131821037246032e-01
2.2725675979436286e-02
9.2962802812277368e-01
7.3056151762499855e-01
4.8661973109794404e-01
5.7857203122642298e-01
2.3700549907922144e-01
4.5656771904970705e-01
9.6393346290445359e-01
5.4684700881235626e-01
5.1946558846805146e-01
2.3092149001870230e-01
4.8887928345577775e-01
6.2339925403694163e-01
6.7939127368002505e-01
3.9540040135485044e-01
3.6425903351769273e-01
9.8887857969376802e-01
3.7254891558013210e-02
8.8706793556247532e-01
9.1402841475160890e-01
7.9648247673004935e-01
9.2899205387717371e-02
2.6126111029084376e-01
3.3517995310530690e-01
6.7961306820478307e-01
1.3568303397866374e-01
7.2144876032877658e-01
1.0102773294621693e-01
6.5396042277689215e-01
4.9416092024978375e-01
7.7991093724676142e-01
7.1536730543005711e-01
9.0413012207774057e-01
8.9287886771202107e-01
3.3370298181483782e-01
6.9894389707567428e-01
1.9296863196312086e-01
2.9450871987851995e-02
7.4431909583310041e-01
4.9814512803185873e-01
4.7976451434218181e-01
9.0513283313848636e-01
6.0906661508412763e-01
6.1779457643977920e-01
8.5980618003126186e-01
8.0660792078961718e-01
5.7676474353505891e-01
1.8258829790631184e-01
2.3550392038381082e-01
8.8719796338251167e-01
2.8180824640369109e-02
4.8792482089443501e-01
1.6712214208357917e-01
9.7916755639264297e-01
7.1290290078222085e-01
5.0035663668376906e-01
4.7105153803519745e-01
5.3422393831824566e-02
6.8223352230059897e-01
4.1952004392960617e-02
6.5364977737812330e-02
5.2157879892592685e-01
9.6306919287478990e-02
8.1939120189161618e-01
8.1809002317459567e-01
7.2266210477504800e-01
1.4455404320122736e-01
6.5982046117762960e-01
5.1860712417431543e-01
9.7573562652565615e-01
6.4918467786542244e-01
8.0063345714212952e-01
4.5146706179558505e-01
4.3213525286022880e-01
8.2564245534820291e-01
7.7507254304720635e-02
1.3229388645020987e-01
1.7304460439812727e-01
3.8799066996373732e-01
8.3195137611628123e-01
8.0367040374084697e-01
5.4283064290332861e-02
3.9893276855557747e-01
5.2689655654808853e-01
4.1410596846526776e-01
6.5706940272983039e-01
6.2809839956182811e-01
2.8806647959692927e-01
4.3139338316382519e-01
1.4980191189927619e-02
9.8693355086037005e-01
1.6636183197043930e-01
1.0580302659782830e-01
3.6928089758708810e-01
1.9737604456163585e-01
4.8966999257922222e-01
3.3604175091007693e-01
9.5245161336150685e-01
9.2075874139480296e-01
4.6412442991004096e-02
7.3823567521909350e-01
2.6887419453169864e-01
4.2020131379749864e-01
5.4785426529589509e-01
9.4318680367832686e-01
4.1505986917558446e-01
9.8393881441592512e-01
3.0124308124542409e-01
7.0119346243891134e-01
6.6656803179429769e-01
5.3915983151781988e-01
6.9817087118291477e-01
6.6675748590796258e-01
1.7779334046413425e-01
1.2248870089651863e-01
1.0000000000000000e+00
1.7077471793814733e-01
2.6139372918293460e-02
5.6121081369283909e-01
8.8225351254290185e-01
6.6895692847766586e-01
1.8967496285854180e-01
3.6877428674248247e-01
4.5846323748620382e-01
9.8252136385528466e-01
1.5604341944488134e-01
8.5713199406345397e-01
6.4494895126347962e-01
3.7613754067013022e-01
1.8601496621474270e-01
4.2798815481629815e-01
4.8199650610851824e-01
1.1501331318880352e-01
5.8957724297586167e-01
2.2589815010200121e-01
3.8161002289252788e-01
5.8304261000990687e-01
2.5154302641276821e-01
2.8650792718459644e-01
6.1721787709491693e-01
2.6503171728954628e-01
8.2567999171620865e-01
9.8354894037050522e-01
7.3047936235516686e-01
3.4046833278655414e-01
5.8412780761853478e-01
1.0735729898734730e-01
9.0841540555004163e-01
8.8032552428730604e-01
8.1808142574577114e-01
2.5650386119263929e-01
5.9443606993526976e-01
2.2012907303260994e-02
4.2264878898639646e-01
3.1221432013488321e-01
1.6112845295510189e-01
1.7373822550063037e-01
4.2260971400200537e-01
9.3803652138567645e-02
5.9761239150972478e-01
4.7074795931327024e-01
6.9614449254154143e-01
6.9997068075836788e-01
6.3870223783080249e-01
3.3115594782970111e-02
6.2699727228436405e-02
3.1910944597235630e-01
5.3088912209185124e-01
6.5408287425038503e-01
4.0731154459939600e-01
8.2030438047935261e-01
7.1862292543291073e-01
9.6950579226133426e-01
5.3135923253220807e-01
3.2155330695334350e-01
1.0469493405996637e-01
6.1106614302992746e-01
7.7965900910268315e-01
4.2317812084331502e-01
9.0394084608609232e-02
2.6230368101407375e-01
1.5282210344075403e-01
2.8077233473760604e-01
4.3762000890124358e-01
5.2708309576261603e-01
4.5737343039955025e-01
8.7717544971914829e-01
5.1797359967232459e-01
9.4407335777007306e-01
6.3718212375481775e-01
9.5852766988695470e-01
2.4043248717386212e-01
6.7597205905481828e-01
2.8851092325684125e-01
6.7197843536361745e-01
6.9517677173259862e-01
6.6980405145213945e-02
2.5453013952000592e-01
2.1945608336071137e-01
6.6806500695371673e-01
8.4474050188527117e-01
3.4105948123156010e-01
7.8098575341158627e-01
6.7550597172305649e-01
0.0000000000000000e+00
6.0226652107322798e-01
3.8664735796173022e-01
9.1819346395257817e-01
0.0000000000000000e+00
4.6240340863072055e-01
4.2172958120237730e-01
4.6071930302272035e-01
7.7043147955109592e-01
3.1885320885147056e-01
7.8521415102478342e-01
4.7132059453527225e-01
2.9332295456954399e-02
1.7508590234352936e-01
7.2197984255393555e-01
4.7134843477755661e-01
1.5188464512802971e-01
3.4095367148220201e-01
6.0656488350597604e-01
1.9098967346215684e-01
7.3866584832798199e-01
2.3845012176693309e-01
9.1817451433413078e-01
2.6881629513905758e-01
7.6622632509925326e-01
1.8789999711531011e-01
2.8727190473582487e-01
8.5225866624870902e-02
5.7625154592440120e-01
6.8354543599078532e-01
5.4517253925844000e-01
4.2545876619827527e-01
6.4458481526275013e-01
6.4718783171843275e-01
6.7927224042980761e-01
6.3591981284868770e-01
9.4766253783477628e-01
2.0821500827895889e-01
7.0949063856067807e-01
2.3176618577068181e-01
1.1849054457979345e-01
6.0740765396251439e-01
4.4777115523215860e-01
4.5852388467246485e-01
6.6210484459944641e-01
7.7105875605734187e-01
3.4979125590216120e-01
6.6216975796271960e-01
4.1345880522726836e-01
8.4252267556045790e-01
8.3325332396422647e-01
2.5217481044051565e-01
6.1358019710751310e-01
5.8232702581473850e-01
5.3926135209027204e-01
8.7059267872637447e-01
2.6452931610248104e-01
3.1441234730877110e-01
1.1830846080265400e-01
9.4027628971874222e-01
6.4510181705476088e-01
4.7930464591275823e-01
6.3945370595361584e-01
5.4327712686879526e-01
6.4750117948946073e-01
5.4392421138420655e-01
7.2133696164242667e-01
5.2242601654037679e-01
9.9420703289183399e-01
2.1404008452409806e-01
1.0486435479431154e-01
1.0928773807704277e-01
5.7433856726258739e-02
4.0426603719830317e-01
4.4831263731825016e-01
3.6262266937292131e-01
7.6393543607858216e-01
6.2802134055691805e-01
7.7277024889951096e-01
9.3363575757811190e-01
9.7322163196161970e-01
1.8713045407192808e-01
1.3800891556792808e-01
6.9646184343402973e-01
8.7958973766497001e-02
5.2534115088158762e-01
5.3036852318052241e-01
8.6280408722189528e-01
4.8470593876982865e-01
3.9333942253676785e-01
6.7123488725019265e-01
7.4164257770106334e-01
5.2006615295575398e-01
3.4434161745523345e-01
1.4915504644420732e-01
5.8617389369827588e-01
2.5793507992241560e-01
4.3392887167617113e-02
7.5518930722437783e-01
2.3838525124444068e-01
4.4216683409646529e-01
6.8798285170582518e-01
3.5597009282907305e-01
7.3671450417165585e-01
3.9459182752329119e-01
6.8333715225881875e-01
7.0435485429548805e-01
4.4223887807584317e-01
1.2988453651464867e-02
3.3039095119424572e-01
4.2422439300037579e-01
2.6613987090715902e-01
1.9630923110363607e-01
8.2204613798443060e-01
4.2735660062322406e-01
8.8845959697997623e-01
3.9106371108111337e-01
7.6987614305397711e-01
3.9646139758074400e-01
8.0882542158750881e-01
7.5570118689309218e-01
3.7702517955699716e-01
2.1571889398894614e-01
7.9137779862992352e-01
9.5012023293185621e-01
3.2738050789854956e-01
6.7106648247352252e-01
4.3840170737526618e-01
8.3383770282957481e-01
7.6961345687591531e-01
1.6644714420333520e-01
8.6234697202182875e-01
9.9279894507182354e-01
5.1433741851343684e-01
8.8467052656796519e-01
5.8701182490585480e-01
1.5392000789492874e-01
1.9954613072421229e-01
4.0416478850904680e-01
7.4910580628912748e-01
8.2591275434442479e-01
7.9092925432610417e-01
3.1803172459375073e-01
5.3409227043044727e-01
8.4051677938240713e-02
1.1078408349673820e-01
1.3591026380055105e-01
6.7852687244805054e-01
4.9505104553064727e-01
1.8938323842965868e-01
4.9307931806915084e-01
1.4676105744628615e-01
5.4507955911469584e-02
8.5227468814399587e-01
5.6056921981376295e-01
9.3004514031943342e-01
6.9671844553793416e-01
5.8284678695464176e-01
8.1571563930573521e-01
8.8085347686891491e-01
9.8981012152032866e-01
0.0000000000000000e+00
8.6714502622661072e-01
6.1268407421067717e-01
9.9044874060026755e-01
5.2607400825774764e-01
4.7936493100415928e-01
8.0165153670254163e-01
2.2329628443943303e-01
4.9797437085711860e-01
9.0125909072276056e-01
5.7351591588267692e-01
8.4577844953182602e-01
7.3887952059025030e-01
5.8495280816530459e-01
2.4609304446300137e-01
6.6658092375539324e-01
7.7520380530898561e-02
6.2610518047794284e-01
6.6110361862219502e-01
7.3012757115488436e-01
8.9144694483773312e-01
9.8279386747430975e-01
7.6979000441948031e-01
5.8149951991904958e-01
9.2874799884155790e-01
5.7899830773476135e-01
1.5864731711082575e-02
1.2046136192395174e-01
8.6439040087417784e-01
4.8414796104635516e-01
8.4520449820097254e-01
2.0467760736736421e-01
5.5228387785184874e-01
6.3001039623677346e-01
2.5523587617186663e-02
6.1483547867608324e-01
3.6226249088381179e-01
4.3237186121939324e-02
4.8943238126164962e-01
1.9218611755655435e-01
1.1750969237890561e-01
2.0476711734260589e-01
1.4614317310222225e-01
1.8414528704712010e-01
4.1587467385721624e-02
6.3533041166611726e-01
2.7785003294944072e-01
5.3856079849441907e-01
6.9535740739210827e-01
4.9722981637837405e-01
5.3575937539881169e-01
4.4511959930707412e-01
1.1836654421263745e-01
4.9022131917639655e-01
8.5335538053035398e-01
8.7571709335742254e-01
2.6970173639966910e-01
2.0815353874916415e-01
5.6373931674226230e-01
6.4048700036233197e-01
4.1693633560663607e-01
2.0121440410062652e-01
9.4874659804115280e-01
8.1632975359460277e-02
9.9964976383568216e-02
1.4118240586971331e-01
1.6610928353709045e-01
6.2026739303070033e-01
5.7374674350247867e-01
5.1608710879086070e-02
9.3355277471151765e-01
7.2902017919956030e-01
7.3808005834252222e-01
5.7245153752631547e-02
8.6107249632316263e-01
9.3484634138723488e-01
9.8727142012289659e-01
8.5956763390682278e-01
7.8584662945435202e-01
5.1163108724108275e-01
1.7681753278785942e-01
3.9847785452313877e-01
1.2846358044973613e-01
2.9800197763905422e-02
9.3958781579525208e-01
2.9747988764261007e-01
2.9499360951219178e-01
3.3275689740127534e-01
4.6486768754718272e-01
6.4838994599785282e-01
2.4731298051626074e-02
8.4368520484565690e-01
5.5903906902191158e-01
8.5445831131468741e-01
3.4450977364506730e-01
4.4579868949592555e-01
5.3772535407859139e-02
1.7206330564418662e-01
6.6302991592746841e-01
3.3064743643041472e-01
9.0051667997444906e-01
1.1724692010279444e-01
9.8891488264426219e-01
5.3849668754910740e-01
7.0723079839319969e-01
1.0000000000000000e+00
2.8389119389730272e-01
4.1422921060201612e-01
4.6479665786776697e-01
7.6466825492569779e-01
8.1874833314065310e-01
9.9802036312358636e-02
1.7308262541903421e-01
3.5922769562375351e-01
5.6240283679530240e-02
5.2022278525284449e-01
3.3539240197301096e-01
1.7532737393148465e-01
2.0421470157877453e-01
9.0587826991863662e-01
6.7556514430475356e-01
4.6628143075676265e-01
9.1287166611612436e-01
1.0359598152522700e-01
7.4607668804382199e-01
7.3664173478626471e-01
5.6191825011626295e-01
1.7921936936712979e-01
5.9729709382329188e-01
2.9972355636488540e-01
1.2865714217014326e-01
2.1188922727879278e-01
8.9534217874342892e-01
6.5372397990020842e-02
2.4183626305668013e-01
5.3286942648152445e-02
4.3927298069662485e-01
1.2157317037026608e-02
8.9759417553372201e-01
1.9180570222150220e-01
9.2410811215141886e-02
3.0716113218340751e-01
4.5374918398054093e-01
1.0072690791328341e-01
9.9589387514760030e-01
3.2856859132675276e-01
2.9681035278668738e-01
6.1586326392514226e-02
2.9438776410814477e-01
4.5293996342785373e-02
5.0542673836949314e-01
7.6211223898789449e-01
6.3122599800409662e-01
8.9461488318730950e-02
7.4874291125262699e-02
7.7769983319784153e-01
9.0554576492630656e-01
5.3222563555334756e-01
1.0822725702163045e-01
8.2613802861650831e-01
3.3463236833775140e-01
2.9342958950595005e-01
7.4656057358429795e-01
3.6568192092687499e-03
4.7394419965979581e-02
6.6808237563897444e-01
6.0260519692318049e-01
5.2604066126764537e-01
7.2993946180546576e-01
7.0740855307916262e-01
7.8184493154733836e-01
2.8775120132134108e-01
6.9254267611826681e-01
5.5667145647101857e-01
3.9640701584102561e-01
5.5413531318465416e-02
7.8064091813396952e-01
3.3740927507990537e-01
6.0704625207265406e-01
7.4163867566928454e-01
1.0439847589463989e-01
1.2236144504507666e-01
5.4952693462969149e-01
4.8520716306316292e-01
8.9242766042118971e-01
7.9946464303444742e-01
7.3457587628681853e-01
4.5054139521268854e-02
7.1883087574186183e-02
8.8095889619318204e-02
7.9939935043066657e-01
9.4381139718399465e-01
6.8389812864429789e-01
1.2659715840470809e-01
7.2307071785233490e-01
1.0994443108596988e-01
1.1186396544365888e-01
6.4089394080175333e-01
3.2863057709554633e-01
6.5344297435396703e-01
7.4953243458010232e-01
5.8326455910976216e-01
7.4050886741815392e-01
2.3416072542093042e-01
7.3519297035986220e-01
9.7333629443264091e-01
8.6757569095724563e-01
8.5800593919980503e-02
3.6324919368482617e-01
3.6881143115219250e-01
6.8521238357272851e-01
5.9702464996589566e-01
7.8984839586233535e-01
3.6750935528170875e-01
2.0126726142618123e-01
8.5692931394645802e-02
7.7220749868265437e-01
2.0091045809656952e-01
3.8792383320165713e-01
5.5182495307284252e-01
2.2441748995232111e-01
6.4211917528194484e-01
4.8445735400675566e-01
1.4655354508724650e-01
7.8240099776144667e-01
1.0018721550476690e-01
2.9016915466390231e-01
2.3671211344176560e-01
5.3089710665578449e-01
8.5614912709943272e-02
4.0500298719589550e-01
1.0443151509222347e-01
1.0660399034503160e-01
7.8490210085741619e-01
2.9134825129227604e-01
6.0267129377878259e-01
9.6527035909407133e-01
4.3240832576934218e-01
6.9478465857910698e-01
7.5851885460780943e-01
4.3256582028438140e-01
6.5514552682403915e-01
1.0882934241779547e-01
9.3420040500903501e-01
1.8251811583992911e-01
2.6557770353495397e-01
7.9813056212912714e-01
4.8560467445481553e-01
7.6940037533269334e-01
3.9589243807356811e-01
2.6883441108811046e-01
3.6158448880593906e-02
6.7346671811332692e-01
4.2699614977780448e-01
4.5152312972852432e-01
6.0996351703640117e-01
5.3204708945549316e-02
3.1531328857045204e-01
7.7299652574027111e-01
6.9648193700785554e-01
1.2443879470936517e-01
1.2976282875066741e-01
8.6476891666172215e-02
6.6830748317826616e-03
4.2302304303360838e-01
6.5522139883058439e-01
7.2326911369840574e-01
5.3123449097095199e-01
1.0310397415532382e-01
6.3192381726707936e-01
1.2610747591638846e-01
1.2883928261077449e-01
9.7645225876503081e-02
1.4165088046499891e-01
1.6312021466503998e-01
1.9550268518084549e-01
3.1728444240016962e-01
3.1275113723077208e-01
2.1686129882420935e-01
2.5077796136136604e-01
8.9489838227893992e-01
7.0352893832439278e-01
5.5578844922951010e-01
1.7946128914446685e-01
2.1131735229225693e-01
7.6903701650663486e-02
9.1598114445930989e-01
7.0702817720730293e-01
5.5784158955018315e-01
3.0972170605611155e-01
1.6539498294003144e-01
6.2261664930871585e-01
9.9084252556298291e-01
1.6963221697582534e-01
2.5753533111205218e-01
3.9390967187249470e-01
7.2994860157798394e-02
6.8427901579938710e-01
3.9955349902588488e-01
9.8372109852391554e-01
4.0207605187062007e-01
6.1997788457649772e-01
1.5353667095678444e-01
3.8121576924658335e-01
1.5593308632546371e-01
7.5853203794401214e-01
8.7148703640457803e-01
3.4743574132679722e-01
6.8580472164716766e-01
2.9392922750800310e-01
5.2905216677895139e-01
8.3299718507965992e-01
5.9758377913881855e-01
3.3181865332039817e-01
2.9869245743514006e-01
4.5253662071417916e-01
4.2000948899851231e-01
3.5919904077940096e-01
5.5837236976910620e-01
7.4304655122584484e-01
4.2406181533920462e-01
4.2927589160219420e-01
1.1931624890693482e-01
2.3331270104263377e-02
2.8996176939256235e-01
3.1385342646381958e-01
6.5389306860706287e-01
9.5740039420526490e-01
9.3812668489925177e-01
4.5768298365587379e-01
2.4020361261212828e-01
7.6460854077382601e-01
7.5974951072275654e-01
7.4088936523139681e-01
7.4420073650798924e-01
1.0498675171955571e-01
6.8174076299026154e-01
4.6102273678603228e-01
2.1144998966208081e-01
9.8097476821315352e-02
8.2487033553984546e-01
1.7421942987013470e-01
1.6321576994130635e-01
6.6573757384468257e-01
8.9509175102967309e-01
5.1656828847442737e-01
7.0281273998111249e-01
1.5275562481405708e-01
9.5391795047363714e-01
5.3940751575509449e-01
6.7999087259164637e-01
3.6077830104630407e-02
8.1035877601992756e-01
7.4901877964684005e-01
1.1978811485952179e-01
5.2341326240454233e-01
3.2535627462812461e-01
5.4649036236125159e-01
3.9601151885017094e-01
4.1480124280751540e-01
1.8040133452218229e-01
2.5111021934523109e-01
1.9424940021375330e-02
9.2410576413994383e-01
6.5332974103966135e-01
9.3339526136139084e-01
1.6315816931168683e-01
9.2334955185932666e-01
7.9515332232076419e-01
5.7746704854703168e-01
4.3756997977476314e-01
2.5699482910466293e-01
7.5219935194852316e-01
2.2413093702040857e-01
6.3166827435251482e-02
7.6759834144706018e-01
6.7100368751095973e-01
7.1554310583849312e-01
6.4220040452135396e-01
4.1637684904858252e-01
3.9041945194183947e-01
8.1645929723295629e-01
3.1375979789579111e-01
8.1507646393224442e-01
7.8936478148198497e-01
8.5384111742693503e-01
5.0553234724977758e-01
6.3579436188674210e-01
9.5343894077559210e-01
4.4373191687133667e-01
5.9557833973127965e-02
8.6846919257301869e-01
6.3134497942987511e-01
3.5491710919880520e-01
1.0000000000000000e+00
2.2348320010630363e-01
6.5260136990588802e-01
6.0414278815236155e-01
3.8689550431506325e-01
1.4181095632260671e-01
1.8600318479249735e-02
4.2083259886171803e-01
1.8376733321575511e-01
7.2611198375073416e-01
3.6997772834507936e-01
8.4190551064414099e-01
7.3464932247290937e-01
5.7105728252001342e-01
1.7651462564707648e-01
9.5999219346318343e-01
2.6471912298981071e-01
9.2501198084677416e-01
2.1918381293149591e-01
3.7318549166732223e-01
8.7067719729662318e-02
6.3961318449510352e-01
1.7983821484776913e-01
4.4574677700097751e-02
7.2348467896811053e-01
3.4700511889379171e-01
6.6077554701622332e-01
3.8085213899429826e-01
6.2749477513118146e-01
2.1149238962651373e-02
9.1271904050988328e-01
8.0106633706793895e-01
7.4609414945421459e-01
8.1430607466998051e-01
3.8294821796014766e-01
6.1739323828688797e-01
5.7435773221144359e-01
5.2999809474567561e-01
2.7483066361691388e-01
2.4428616299238395e-01
4.5142245681615040e-01
2.2742487005048939e-01
8.0555788184997057e-01
9.8699692215064194e-01
2.9499982174218738e-02
5.3413643219215479e-01
8.6104456028578774e-02
8.0239613923937414e-01
9.9206456884740146e-01
6.5931723607557752e-02
9.3984473643253708e-01
1.1574632644838637e-02
6.8410410524359699e-01
7.8402223977328134e-01
5.3259483737291657e-01
8.8604308988446012e-01
8.9940959471916315e-01
6.2529520550538908e-01
1.3700161938102362e-01
2.1750341114011518e-01
1.7714621316040902e-01
4.0753192946847656e-02
1.0652908861161069e-01
6.1570795270186141e-01
9.4045732261837700e-01
3.5429855070486427e-01
4.0787507589926092e-01
9.8523845604954285e-01
9.4603194107699207e-01
6.7649955670430784e-01
9.8919950337000084e-01
7.6709970391382021e-01
3.3322019887693582e-01
6.6260283001524889e-01
2.4389430677273921e-01
2.9162420323069915e-01
6.8043626787493339e-01
5.2786855835456459e-01
4.0884895762822954e-01
6.0273522204930274e-01
7.5077154228248633e-01
5.8247488086501009e-01
5.5178401620433859e-01
5.8364984354655991e-01
5.1005831376884458e-01
8.1610657987894686e-02
7.1978968650745934e-01
9.9914453134207737e-01
3.5411650354550428e-01
9.7173806394647766e-01
3.4306531194443368e-01
8.8722995831742435e-01
4.5464111335361906e-01
4.1070071761358001e-01
2.1703040792654335e-01
1.2526132577600449e-01
3.0516303568498199e-01
7.2645762299742800e-01
7.8315694075767484e-01
6.9381061903440289e-01
8.6691460083548489e-03
8.4356046704145482e-01
9.2459640323724257e-01
7.7140047347570528e-01
4.2180958823250812e-02
3.7511394539118353e-01
7.0464765473544189e-01
7.2974285643486525e-01
2.1969544791982887e-01
2.6845956376019769e-01
6.7320269686750500e-01
4.7539392955718779e-01
6.2385715306804279e-01
2.3616598661672442e-01
1.7207968543461827e-01
8.3021141610507965e-01
7.6719007778583470e-01
9.3686180062251978e-01
1.0695932460359256e-01
1.8189261701571685e-01
9.3285965384206665e-02
4.8962659616125864e-01
1.9292181028249653e-01
8.9789667028672515e-01
9.8141811107670465e-02
4.3688228276779519e-02
5.5597953851120863e-01
7.7294451718260282e-01
3.1173900876211591e-01
1.7395663930681171e-01
3.3850555182605047e-01
2.0983955491142883e-01
5.0837456089580046e-01
9.0709154646547463e-01
6.2904995984981305e-01
9.5748487897892129e-02
3.9051231475154502e-01
5.4150055321023093e-02
4.9941796751631140e-01
4.3146353004986931e-01
9.9806673669316337e-01
8.1278103076298047e-01
4.8550593163085620e-01
8.9484774923419075e-01
1.3211438095931105e-01
3.8966071309096489e-01
9.2779017424275212e-01
9.1971078855865174e-01
7.1390120282017733e-01
6.1845248141280162e-01
3.3987344130140373e-01
9.3681609940319577e-01
1.2437987050921880e-01
