tensor
4 
3 5 7 11 
5.2389362183151922e-01
-9.1041851572742950e-03
-7.8098035766608709e-01
1.4287355831151752e-01
-8.1009258530991124e-01
-8.6341417373943319e-01
2.5949343523519288e+00
-1.0604893743766639e+00
1.5440206015105384e+00
-5.6081662827470138e-02
-2.2008047552314918e+00
1.5806540806070437e+00
-2.6258907178444098e-02
-1.2406634736926636e+00
1.1038729294480203e+00
3.1225645851250174e+00
-1.4270141590038294e+00
1.4270838219652382e+00
6.1085758555466241e-01
1.4820498256484085e-01
6.9924077667435469e-01
3.5326384418059464e+00
-1.7509059365028984e-01
1.4781954405966835e+00
1.0491163215156956e+00
-4.4280426416842944e-01
9.4388984231122197e-01
2.1556844608809236e+00
-7.4236927989478418e-01
-6.5724493731911260e-01
9.4363447033165948e-01
-2.5692629272613421e+00
-3.6124124490203924e-01
3.4922403424776394e+00
-2.3779774990219833e+00
1.1687568355354683e+00
9.8695920667076198e-01
-1.7336084054097478e+00
1.5236271908369632e+00
3.5375265072053446e+00
-1.3772642638551200e+00
-6.8319259321540551e-02
7.1394332416367634e-01
-3.3307034172987632e-01
-6.1333296574455221e-01
1.7789700166711013e+00
-1.3572219078979615e+00
6.7284841337422663e-01
9.3081663155147043e-01
-4.5174897702712785e-01
-3.6375489517598031e-01
1.0453795026166781e+00
-7.4348211114260743e-01
-6.8125010588793844e-01
3.2109664681522698e+00
-1.2026154981018276e+00
1.5502833202783819e+00
2.3559088731004079e+00
-9.4804149449230968e-01
-5.0992306931826192e-01
7.6897944352145420e-01
-1.9152427836923231e+00
2.7992863962694381e-01
9.7055195263454530e-01
-5.2718807727994456e-02
1.5490164749802056e+00
1.5570789538666205e+00
-2.2564297041186898e+00
-7.1853245124163112e-01
2.6760029970698676e+00
-1.9973268877992173e-01
-4.2462309534346460e-01
5.2558861332634221e-01
-1.9491361462357908e+00
1.4649550834600522e+00
2.3188387756023912e+00
-2.0866111491656421e+00
-4.3357664156861780e-01
1.2912430810401392e+00
-1.2760703097252295e+00
-1.5201993588086948e-01
4.6169219382126153e-01
-9.4805221551841290e-01
4.0245101571677455e-01
1.2812820265841959e-01
-1.8251821918476250e+00
9.8327186445597625e-01
7.5947043095581357e-01
-1.5480427916839181e+00
4.5311558947621361e-01
3.3775973491645512e+00
-2.5044730204964609e+00
3.4946843170875647e-01
6.6122180497751770e-01
7.3559263264213082e-02
-7.7280765928097683e-01
1.4736227923602458e+00
-1.2874896438770402e+00
-1.1031545864768859e+00
2.3685117364326831e+00
-2.1874197520507783e+00
1.0870876160223997e+00
2.4685735629493517e+00
-1.1142387722945470e+00
-6.7274818599467268e-01
1.3455569810750825e+00
-1.8921704873556797e+00
6.9458920526694801e-01
1.0086423820328441e+00
-4.7089273995381681e-01
1.2479573640126645e-01
3.3468264036398563e+00
-1.9917527741734815e+00
1.4203702777460028e+00
3.0820430160541874e+00
-2.4338127445458838e-01
3.7058996769387786e-01
-1.7676245538355104e-01
-2.4335075759186635e+00
1.0278272478039133e-01
3.2586456923338902e+00
1.5525205990210669e-01
-1.1235005709930790e+00
6.7766252821411721e-01
-2.6832130794598846e-01
1.2953953030924195e+00
3.3444531719936594e+00
-1.4913979400795168e+00
-4.0897913062302771e-01
5.8049579895289505e-01
-1.3987381821169194e+00
1.4128404038373976e+00
2.9682261194050952e+00
-1.8897343208220325e+00
-7.2904446411412749e-01
3.1450343481299550e+00
-1.1602578182394735e-01
4.8638132865157802e-01
1.5468645506005128e+00
-2.2378856842924191e+00
1.2515458407656954e+00
1.2680291559867769e+00
-1.6344403769155555e+00
3.0034361057703357e-01
2.1186801187032795e+00
-2.4399781001974601e+00
-4.6484009446007268e-01
3.1942766761056278e+00
-2.1237775537274315e+00
-4.6473827247916633e-01
2.0589733465208266e+00
-2.5170567262743071e+00
1.3906365933592533e+00
2.1554905637839461e-02
-1.2245857334592005e+00
2.3316543588855079e-01
2.3662068748186749e+00
-2.5913236195600289e-02
-1.0278520569984680e-01
3.2410724790805574e+00
-3.7685823210885105e-01
-4.5418678237685091e-02
2.7370921981240133e+00
-1.4793010734757104e+00
-8.6645404224409139e-01
3.1608513195605950e+00
9.7111208943697069e-02
1.5401789269052399e+00
1.4489625335629712e+00
-2.4873964185226116e+00
-4.7921875249690843e-01
2.3065768608742934e+00
-2.5692361693632126e-01
-1.0933526742769468e+00
3.5043971409915389e+00
-2.1674773459275167e+00
6.8069377929311248e-01
8.4446600214086032e-01
-7.6501903640930569e-01
1.2586542921983060e-01
1.5578770417464263e+00
-1.7944770497394356e+00
9.4825793636075106e-01
2.9407732457154037e+00
-6.5068686632264927e-01
-6.2274318048216515e-01
2.2473838077841473e+00
-8.2983861814292725e-01
1.0477354233080187e+00
3.3572375397052965e+00
6.0011718293870746e-02
1.0350965789081883e+00
1.7904515937790670e+00
-1.3857177854503893e+00
1.1427581816077957e-01
2.4873656463470111e+00
-1.1728980944458522e+00
2.9340663647071313e-01
5.1267754191423609e-01
-3.3414977232708432e-01
6.6726384272583017e-01
2.2082792784105640e+00
-2.8508545659885282e-01
3.5514582063310007e-01
2.3159678145553229e+00
8.8179443420737913e-02
1.3156860285594292e+00
1.5457207776193487e+00
-8.3904705180110706e-01
5.0692963460176743e-01
2.8682119451251737e+00
-1.7800483136784917e+00
1.8185346799431545e-01
2.7803615522365521e+00
-1.8921171107286611e-01
-5.9124057206214453e-01
2.7979980838226650e+00
-2.1624446183747623e+00
-4.9913857695773867e-01
1.9877857067191840e+00
-1.7511764670058352e+00
1.4484831606300734e+00
2.0089944923654288e+00
-2.1211161182417047e+00
1.3966970116372035e+00
-1.1347420065092967e-01
-1.3768962942029772e+00
-8.2540092279707589e-01
2.6738538757065857e+00
-1.4652174891774756e+00
5.2890916687628065e-01
2.6578368943210409e+00
-8.9655664041275152e-01
8.5454060594648307e-01
2.8141231894351608e+00
-2.3185524675743108e+00
-3.0594398163731812e-01
2.4393623072037283e+00
-1.4199676012643170e+00
2.8525105020993613e-01
3.3402821211152030e+00
-1.8936031004392491e+00
1.1059281580253297e+00
3.5577099028018342e+00
5.8453781481157208e-02
9.0805236236547127e-01
1.7834325536747848e+00
-9.6779339915323193e-01
-4.7220985849646868e-01
1.8983738935875338e+00
1.5873936565116778e-01
3.9428252386682644e-01
1.6578054625288297e+00
-1.9840853608763092e+00
2.3217192581408461e-01
1.2602854973645456e+00
-6.7306701864291041e-01
-2.9247983100166297e-02
2.2514312523961197e+00
2.3166179398726000e-01
-1.0308257132237528e+00
2.5181952513854450e-01
1.2851201315375286e-02
1.0924047073814960e+00
3.2893139137529834e+00
-1.8953931008349687e+00
-1.9765847049959639e-01
1.0452818859029618e+00
-2.2624973460386619e+00
8.8256793070780604e-01
3.2582243531740782e+00
-7.4740940068795847e-01
2.4694237426806229e-01
6.6166792223310589e-01
-5.6789775368150208e-01
1.3934485047521521e+00
2.2959418041491042e-01
-1.6836227078815980e+00
8.1963158434241323e-01
2.9065736846989312e+00
-2.5730473941780034e+00
9.4652634452284878e-01
1.7393508274834044e+00
-1.2566388725945412e+00
1.3962526529006554e+00
1.3151042137645597e+00
-8.5313355343523911e-01
1.2694936538586576e+00
5.5955871719488703e-01
-9.7307666995405850e-01
-6.2439117960631296e-01
2.7438869721819175e+00
-6.5582653443168507e-02
-1.0562019446653226e+00
1.7784409155217602e+00
-2.1705909369769327e+00
1.6032956788184995e+00
9.1795670195920398e-01
-1.1964416172188646e+00
1.8231545043430125e-01
3.4403027263634063e+00
-6.6475823127191114e-01
-1.0176899248844555e+00
3.3946253655939733e+00
-1.1344025568965017e+00
-8.6568279149335248e-01
5.1066590243138132e-01
-2.6760691573988526e-01
8.8596112912328784e-01
3.0917472329686628e+00
-7.3027866388148333e-01
3.1530780889478732e-01
-8.7311950980888411e-02
-7.6137040632282804e-01
1.1040132000896055e+00
1.9178826166069256e+00
-1.3958741961431773e+00
1.1739525263430963e+00
3.3481842309387817e+00
-2.2724048910644679e+00
-6.5108075303233481e-01
2.1606637494731125e+00
-2.2708581796076635e-01
1.1125062231700160e+00
3.4370108796955203e+00
-1.4929355088937080e+00
3.3848975766652079e-01
2.0607793424933334e+00
-7.3832087367358090e-01
6.2150744024900928e-01
2.5428484867886079e+00
-1.3980429147836884e+00
-1.0931183937783848e+00
-1.3014117736372227e-01
-2.1728135627600436e+00
-8.3912629603343469e-01
2.2322238933657328e+00
-2.0821492570290459e+00
2.3438319644957789e-01
2.3593552165689728e+00
1.2517430530156118e-01
1.4399515442572970e+00
3.4671140141092356e+00
-5.0104631052375337e-01
-3.8308693281355721e-01
2.0374661893309765e+00
-1.0575910979827401e+00
1.5026731116050069e+00
2.0571309137088800e+00
2.1722130519287899e-01
-2.9256518901240963e-01
9.6274233996059300e-01
-7.1055339103980730e-01
3.7278482146623831e-01
9.7430298649617786e-01
-7.0999955703119610e-01
-6.3780059689511193e-01
3.1761415825405241e+00
2.6417320622583329e-01
-6.5742864143533231e-01
3.5446533760182537e+00
-1.0185457027849547e+00
1.3322691116805114e+00
1.0860389232875578e+00
-2.1046619429125140e+00
-1.0370968290088087e-01
1.8911240153241236e+00
2.1307765103398016e-01
-6.9862569710979294e-01
3.6631692457802895e-01
-7.7375276845767971e-01
-8.3117853732450078e-02
2.9331696962119396e+00
-1.4079974691053958e+00
2.1292378134809722e-01
3.2047330485000378e+00
-9.3562170110506981e-01
-5.0327229840421883e-01
2.1850681095771205e+00
-9.5472449016744143e-01
-4.3155469675340241e-01
2.5488095552957759e+00
-8.5481942714761239e-01
-3.9383267589555104e-01
4.8661287304659079e-01
2.1608158063767424e-01
9.0782260969113948e-01
2.3424246612604263e+00
-9.5155211597035760e-01
-8.3477966995742647e-01
1.7017085548609023e-01
-8.5672956152393037e-02
1.1528076043506450e+00
2.6635675136784136e+00
-9.2141782049238474e-01
-1.0734509355841115e+00
2.0281052161900242e+00
-1.7464408299465251e+00
-6.8440506281045965e-01
2.9801251221972773e+00
-1.4237203445744813e+00
-8.7268334450969998e-01
1.3589137198698020e+00
-1.2829971010802017e+00
8.1180286343904362e-01
9.6741917040232273e-01
-7.9201387809600521e-01
-1.0424015318640796e+00
3.4048192742167664e+00
-1.7262842067485591e+00
3.4965523266287046e-01
1.1429284160800663e+00
-1.4684417091348207e+00
1.1590242450604253e+00
8.9607905540998356e-01
1.7502903836042921e-01
3.5096992776550362e-01
2.4147698476746928e+00
-2.3530853162084733e+00
5.7387560243599112e-01
6.6263148362112889e-01
-1.4220587124602189e+00
-8.8221842679872831e-01
2.6413846707972728e+00
-2.2123944511453431e+00
-3.4981299265754362e-01
1.9708440892352346e+00
-1.1183117646583196e+00
1.4406371301654336e-01
2.8965577969863193e-01
-1.1449416891214010e+00
1.5051524190667889e+00
1.2075695091414385e+00
1.4293653108247290e-01
-4.6262605844006743e-01
1.0592078243612515e+00
-1.8157333201264625e+00
7.4422087781528956e-01
9.8575465908631821e-01
-2.4633367556081720e+00
-4.2320103634518808e-01
2.8052658870837135e+00
-7.0617726144676396e-01
1.2273614832534934e+00
2.3401636680780977e+00
-3.7607437554809575e-01
7.5408586777933961e-01
3.6446298615489101e+00
-8.9852694702926128e-01
-5.3726450911553161e-02
1.3277225692541228e-01
-2.6591415632335491e+00
1.5813038156755899e-01
2.0316209533121778e+00
-1.3123140201321979e+00
1.0195513617210876e+00
2.4250970395188531e+00
-3.6371343835428971e-01
1.8306788482548700e-01
3.5324412554373676e+00
-2.1473103589885865e+00
8.8405313746046199e-01
1.8418413969313527e+00
-2.2151349368766828e+00
-1.8151188318210121e-01
1.3246727038621020e+00
-2.1008186299874012e+00
9.3071666200800918e-01
2.7326184975757810e+00
2.4971555460610893e-02
-3.8324885231462774e-01
7.1400810011857130e-01
-2.1098507264849875e+00
-3.3163651302140879e-01
3.3186624923969132e+00
-9.7457690810894548e-01
7.7656876412292153e-01
1.5594828821912612e+00
-1.4153916682101646e+00
6.6761279788694305e-01
1.1693002086277962e+00
-6.7341499030132790e-01
6.4338054252706112e-01
2.0060507955966474e-02
-2.0504635543085610e+00
8.4912624812513837e-01
2.7581828610555719e+00
-2.3127564042221533e+00
5.6364439451745507e-01
1.9320185237771570e+00
-1.3187319190206421e+00
7.1660872477906323e-01
6.9552527479336490e-01
-1.6365916186270149e+00
7.1679025931534346e-01
2.0632545780815041e+00
-1.9618258216322704e-01
1.1952368264506974e+00
2.6801250371214596e+00
-8.6545351078135702e-01
4.9350475036954183e-01
1.5820916769865545e+00
-1.1412512732953151e-01
-3.9523767421826517e-01
2.4420822109365123e+00
-2.3132886924171441e+00
1.4945336658060426e+00
1.1772786867455087e+00
-1.2579832127662833e+00
6.5326330955251177e-01
1.5667323548523029e+00
-7.6629180198963787e-01
3.8610872653133044e-01
8.8569855383182750e-01
-1.1319258731312341e+00
1.6453545747763230e+00
2.8259807118431004e+00
-2.3525900460735092e+00
-8.2938106869422523e-01
3.4249598960944563e+00
-1.4773446859009334e+00
1.1872460274084565e-01
2.2576899310856966e+00
-4.2591782003163592e-01
6.2129193961836571e-01
6.8897924785133413e-01
7.0169636189944762e-02
1.5866675058211923e+00
2.9289032374884605e+00
-2.2556980620367519e+00
8.1269035630955722e-01
3.3082090493302938e+00
-1.1234040178566140e+00
3.4819934319434293e-01
3.4462260385518628e-01
-1.2421935335830339e+00
-3.5011647392980967e-02
1.0773263075345774e+00
-4.9108686218010289e-01
3.1938807988834828e-01
2.3276103277320450e+00
-2.2231144130237976e+00
5.0426277217208881e-01
2.6580934642788372e+00
-2.5322904952869694e+00
9.7692561340497208e-01
2.7328666109055693e+00
-1.3665487265542557e+00
7.8897829219994664e-01
2.2831343525971306e+00
-5.0549317231360180e-01
-3.1509213579671257e-02
1.0310382069628798e+00
-6.0009061473113767e-01
1.0173893119416623e-01
3.5949523137129211e+00
-1.6933048159116766e+00
5.1360225953754467e-02
2.6267122153968416e+00
-2.0852678885670746e+00
1.1638951857273940e+00
2.0100990282274602e+00
-6.1894501314054051e-02
-4.1375825783668191e-02
7.0004847021158856e-01
-1.5001601041652517e+00
1.1269225733192472e+00
7.5426408984202786e-01
-1.5569782873765035e+00
-5.3173926491133428e-01
6.1781007970799151e-01
1.1835894645833493e-01
-2.1947013758105333e-01
1.0779704131820493e+00
-1.3775553771072231e+00
1.1968710808011702e+00
7.0105317835673786e-01
-2.1725641682496035e+00
1.2765991475896041e+00
-1.5257482568979167e-01
-1.1555713912076075e+00
1.3390284521013174e+00
1.3994582041235493e+00
-2.2091849308389988e+00
-5.7696747265769677e-01
2.0988018397107480e+00
-4.6926949582076344e-01
1.1747084354573671e+00
6.1952564814342537e-01
-1.7294347255719988e+00
3.5861304995908627e-01
3.3231534669358238e+00
-2.3352848157265127e+00
-7.5492940545982090e-01
1.0494363097560464e+00
-1.2119515301974986e+00
-6.0538867665839358e-01
1.7587262684329950e+00
-2.2301127964193439e+00
-9.8257637165693135e-01
3.8489489033461449e-01
-1.0204212836476527e+00
1.4659215762736961e+00
9.7985814697893503e-01
-9.5529694259709863e-01
1.1461915252773305e+00
2.7558825676036486e-01
2.3438498396721372e-01
-1.1350114944271579e+00
3.2801961085489645e-01
-8.6807316008092816e-01
1.6348442605058371e+00
1.6325299294259419e+00
-1.2578069804682124e+00
1.1068603272692290e+00
2.7905780899134554e+00
-1.2034057300946905e+00
1.3854194746820396e+00
1.4510766403192594e+00
-1.8666493002670534e-01
9.3131421069584408e-01
1.4073334220185025e+00
-1.9397341316936325e+00
7.2912637773919620e-01
3.3481340264459019e+00
-8.2883904190734659e-01
7.1380872976529053e-01
8.5207669735214053e-01
-5.3161543199960450e-02
1.6134368988604821e+00
7.0037792868682891e-01
-9.5923542822065100e-01
1.4622940338879304e+00
1.4301078790797839e+00
-2.6127639587090306e+00
-7.9813328670698147e-01
3.3855535563158717e-01
-1.2438246781030933e+00
1.2286590798000183e+00
2.8617898173223004e+00
-1.0446419461749381e+00
6.2685446607318307e-01
3.5470085989395734e+00
-8.6178392763212563e-01
-1.2192035296862867e-01
3.4792585679751014e+00
-1.2283766544396932e+00
-5.9755023882534797e-01
3.1951850299320941e+00
-2.0605428248062867e+00
-7.2631239424350746e-01
2.9403207458118312e+00
-2.5375683056004585e+00
6.4173224293255871e-01
2.5819238094300525e+00
-1.0847588267429753e+00
8.0960172748781967e-01
1.7428516628923749e+00
-1.0929482682538689e+00
1.0979505964746401e-01
3.1919077885374829e+00
-1.2260703405813269e+00
1.2514535641608509e+00
2.9523362367187322e-01
-1.8707184938675552e+00
-5.5289628383623357e-01
1.4884696575716605e+00
-7.8679645542760712e-01
3.0978688891980341e-02
2.8750356932799597e+00
1.1434337929449680e-01
-9.0671945131277309e-01
3.2622891280422581e+00
-2.2464209509668072e+00
-6.7047583892805462e-01
1.2722640730386157e+00
-9.8189923402352919e-01
-9.9068430315174194e-01
7.4026780717859189e-02
-5.2798610614554875e-01
9.2907846136632377e-01
3.4256816372078105e+00
-1.4195561715678803e-01
1.4793484542766715e+00
-1.3143344177809141e-01
-1.4635480368447876e-01
1.0626608533307305e+00
1.6877704468077674e+00
-2.1422482581354307e+00
-2.0641680704795363e-02
3.1532891804929748e+00
-2.5720262049775138e+00
1.4926083027045209e+00
2.5068445835498068e+00
-1.7967823876504250e+00
-2.0443470687732915e-01
1.8666286148087898e+00
-7.6369365772905440e-01
-1.0658487751189951e+00
4.1774748995039240e-01
-1.0248943960569719e+00
1.2545379834296635e+00
2.3269671728663042e+00
-1.3559316700244726e+00
-9.8463302399109109e-01
2.9865312667255406e+00
-7.2089641740936827e-01
-2.1033395473381458e-01
2.0038148164331529e-01
-2.3163919100234258e+00
1.6305547247504417e+00
1.5850163253197225e+00
-5.9168332487415765e-01
1.6615549924506052e+00
2.5588178978238258e+00
-1.4482191939391742e+00
1.6482326217862875e-01
7.1996732418447063e-01
-2.6568246849322708e-01
-8.5590846435385814e-01
2.9826326265768381e+00
-1.6090059350177708e+00
-9.7773180187648523e-01
1.6549093764736922e+00
-1.6786840009813879e+00
-6.4469683625808194e-01
2.8635603148020849e+00
-1.0974237448085549e-02
7.5425134783825576e-01
1.8612214048509061e+00
9.4696609447113000e-03
-8.4529844431850021e-01
7.9107536197742345e-01
-5.0570590013268002e-01
4.3643025221297982e-01
2.9591611341867989e+00
-9.1305414710475330e-01
-2.9681464136930114e-01
3.1525488559029373e+00
-2.0397226556401180e+00
1.3688724369348353e+00
3.3945969850073432e+00
-1.9521780436490914e+00
-9.8599101642915732e-01
1.9645218904854758e+00
-2.6236018987822090e+00
1.3751702956871250e+00
2.9110215966228141e+00
-2.3889956739506020e+00
-2.7601496609160980e-01
1.9091540768551643e+00
-2.3646851056486726e+00
1.6500719412974483e+00
2.3879381605166303e+00
-1.7914714752037759e+00
-9.6278123798793713e-01
2.5186711734518976e+00
-2.5267329547568451e+00
2.7844798366890178e-01
7.2974343821829579e-01
-8.1386928040143469e-01
-8.8482649432878846e-01
3.3582546486965694e+00
-3.8568015464020089e-01
1.3974074440998399e+00
1.6090015119986774e+00
-2.3427592243241402e+00
1.1753384299370315e+00
2.3647457481930370e+00
-1.8013545104344013e+00
9.5279478608292989e-01
3.6306434536153125e+00
-2.5205927553570402e+00
7.3332528775847883e-01
1.3398175028436314e+00
-1.1213591288136613e+00
9.0631274190759870e-01
9.3897119130262563e-01
-3.7356272741425489e-01
-3.3029612825307908e-01
9.9582940812087928e-01
-1.0318156727953549e+00
-2.6432918762923141e-02
3.4326871294344001e+00
-3.7708243760818350e-01
-1.9142402337697426e-01
1.3228315909290631e+00
-4.9109826904723297e-01
-8.4305421545909198e-01
3.1766283039638017e+00
-1.0527013590148313e+00
2.2190259698831746e-01
2.3131993410166254e-01
-3.2205476459037585e-01
9.1927878326542445e-01
3.4723091810940252e+00
-2.4490046716535883e+00
-8.8864548188609005e-01
5.8712967432691432e-01
9.9916233738517907e-02
7.7755509257790278e-01
3.1604277724233212e+00
-5.4537825437222043e-01
-8.2754458303329281e-01
3.2167785065245149e+00
-7.8560684043075657e-01
-2.1597423595845411e-01
1.1453758712250417e+00
-4.6802232703668767e-01
4.9612662456273704e-01
8.1237086665381220e-01
-1.9746160561832200e+00
9.2100452786934939e-01
-7.8135112996657180e-02
-1.2294473223430433e-01
-8.9506442891633242e-01
2.2552936341661205e+00
-1.5809896594008923e+00
7.8123049386596577e-01
1.3611616825174171e+00
-3.5016608197538329e-01
-1.0724714783227798e-01
2.8748335273879153e+00
-2.4086341512493115e+00
1.0245181173044575e+00
2.8761982098166685e+00
-1.5251180922098468e+00
4.0820367595924761e-01
2.7862897626040537e+00
-7.8202509437876166e-01
2.1980570610961159e-01
3.0840996443290667e+00
-3.7193717083775490e-01
-8.5483128513292661e-01
2.5348062868450207e+00
-1.9671575458992907e+00
3.4967756202677824e-01
3.3171744895891728e+00
-1.4751903490886185e+00
-8.4296181914637636e-01
3.2368965799757530e+00
-3.6462565921736667e-01
-3.2023673885273779e-01
1.3395646991000842e+00
1.6264753402751139e-01
7.4247138066306687e-02
9.8725439265448656e-01
-4.4175219264512577e-01
7.4687581948932380e-02
1.1388640389434710e+00
-2.3409991391930549e+00
1.4775420502487424e+00
2.9465442638418979e+00
-1.8827743400507129e+00
1.0970136877760694e+00
1.7873148884236614e+00
-4.0994208239589425e-01
-2.7871969702287169e-02
2.6164062811934956e+00
-2.5534390355801668e+00
7.4838295947612543e-01
2.0114776614809911e+00
-1.3391973293456292e+00
5.7079203553493507e-01
3.4411353159573101e+00
-1.7373815697487383e+00
1.0267246839310284e+00
9.8076273224611754e-01
-2.2953677967659378e+00
-7.7212111630058311e-01
3.3138776382486861e+00
-2.6396048318723966e+00
4.8000570897681116e-02
1.1385738477216596e+00
-5.4479828086520210e-01
3.5062107969577411e-01
3.2502832560464130e+00
-8.1182933504354415e-01
-7.8234355353464136e-01
3.1518522148173136e+00
-2.3736938322615702e+00
-7.3887538928201402e-01
3.0207363262222153e+00
-2.0876256761754153e+00
-2.4770445600314550e-01
2.4484359190321729e+00
-2.0251877254565933e+00
-4.3369425203643497e-01
2.2187004833608728e-01
-6.0250502708777265e-01
4.1928785648185296e-01
2.9582358522684409e+00
-2.0413944262345427e+00
-9.1994517967406630e-01
1.4123381904854698e-01
-5.9227565037949492e-01
4.2502959989550487e-01
2.4600227265254624e+00
-2.1756399668104724e+00
6.0617736120172172e-01
-1.4509201623874260e-01
-2.1632531979719802e+00
-4.1479681825222470e-01
2.1380250652729771e+00
-2.4457546104396348e+00
7.7862026883110735e-01
2.1164388548653221e+00
2.1658485311022135e-01
-1.0579082589656790e-02
1.2733713696012783e+00
-2.2103055453719556e+00
-6.8916249882836275e-02
3.0482252730571164e+00
-4.4171365360369386e-01
1.3021599453303061e+00
2.3157760870468387e+00
-6.5431849147740317e-01
-3.1301886726440692e-01
1.6211392268550033e+00
-2.2402858917208865e-01
5.3617127541422482e-01
2.3755074959824389e+00
-1.7859694908872861e+00
1.3053725314702888e-01
2.0381998706361948e+00
-1.6090897021474833e+00
4.2651396206764275e-01
8.0266486837780038e-01
-1.4194753952886949e+00
6.5487077652109843e-02
3.1882754084522911e+00
-2.5909369167475096e+00
-3.2411412766813968e-01
2.4442199417054464e+00
-7.4760629812740498e-01
1.5424223625308453e+00
5.6532731907587307e-02
-1.3211901373820960e+00
-4.6326612136911122e-01
7.2019571570171348e-01
-4.3815459744817559e-01
9.3693487486310534e-01
7.9825040179818096e-01
-2.3522322413342067e+00
7.7152187608988332e-01
1.8813345783121920e+00
-2.0410066854523543e+00
-8.6067537830139917e-01
4.8970960299699950e-01
-2.1498433307673910e+00
-6.7856774207934956e-01
1.0983521399392571e+00
-4.2506627427245487e-02
3.0960606930423018e-01
9.5654901320122399e-01
-2.2125887890966198e+00
1.5326834770985376e+00
1.5815326379626689e+00
-6.7131420228881611e-01
-1.0341174438372789e+00
5.4521264528134561e-01
-4.6952390208949890e-01
-8.0001606688475513e-01
1.6427066088790117e+00
-1.7080227602768694e+00
3.9328513835400325e-01
2.1299860325613609e+00
-1.4465469637442319e+00
-6.3050716811439844e-01
2.6841968286126510e+00
-2.6023563491731996e+00
1.4493117158971753e+00
1.1458089599928805e+00
6.9466590047605165e-02
-6.7872882606976659e-01
1.1305152568923667e-01
-3.3465811210856239e-01
4.7991350081568507e-01
1.9710354379816379e+00
-1.9078647836371978e+00
9.6856400468325354e-01
2.7873857550420005e+00
-2.4744850436521864e+00
1.0116283026466448e+00
1.0782105880204313e+00
-5.6738383375104395e-01
6.6094463471660336e-01
2.0520937990225976e+00
-1.5178226130877321e+00
1.1482712141142979e+00
2.4445780472807415e+00
-2.7641649798169127e-01
1.0724995993869499e+00
3.7890369479101499e-01
-1.1813113860788049e+00
6.4302971057113767e-01
-2.0327712836266331e-03
-1.3619734969630477e+00
-9.6845405190687839e-01
3.2295500972671881e-01
-8.1352146024216498e-01
-1.4246220122224390e-01
-1.8011703820126523e-01
-2.0058298236367449e+00
6.9003162594216672e-01
1.3339366055567383e+00
-1.5281242212318884e+00
-7.3842772650326982e-01
3.5734883511110338e+00
-1.4289154115111131e+00
-6.2109392897307836e-01
8.6743530282683989e-01
-1.5775802055913473e+00
1.2194332417579568e+00
8.3478214301708309e-01
-9.8976137503545447e-01
-6.4137660789876971e-01
-2.7097304183771223e-02
-1.8852842412391007e+00
1.4518460111693459e+00
2.8063072525637489e+00
-1.5682029036945047e+00
-8.9152082734231841e-01
1.1982713171119261e+00
-2.1334178536558559e+00
-1.0103554446076870e+00
8.7748407864887845e-01
-1.6447363740933187e+00
7.1289125570673384e-01
2.1879668236672449e+00
-8.2477681933397218e-01
-1.0758662415212377e+00
1.5371054101577925e-01
-3.1737250876611511e-01
9.5149039999206786e-01
5.3011522700716729e-01
-1.5396633817324985e+00
5.9156974499088999e-01
1.4478569059256496e+00
-1.1097903050781823e+00
-3.6642927098972083e-01
2.7102971169919234e+00
-1.3394916279572562e+00
-4.9900272456142897e-01
5.6357485037391697e-01
2.2616111670037459e-01
-1.0525128329152464e+00
1.6016931984783465e+00
-2.4074311352089386e+00
1.1089426577697790e+00
-1.4976602250218296e-01
-2.4664023818356617e+00
1.4933267983485394e+00
3.6003598212248162e+00
-6.5928992852714630e-01
1.0575588262896427e+00
1.6075894084838986e+00
-6.8958712196879615e-02
1.3802472361407647e+00
1.2530339628635245e+00
-2.2586427058571497e+00
-5.2674874405111627e-01
2.9670904319611520e+00
-2.5400071523894012e+00
-8.3709581533829591e-01
1.2897027783009380e+00
9.0111218022979805e-02
-1.4419204117657261e-01
2.0846109295178445e+00
2.2102056677543802e-01
1.5106297275046767e+00
1.0571902793617409e+00
2.3259995490986038e-01
1.0102338296320865e+00
2.3701469389602128e+00
-7.2214492396438734e-01
-4.5294484976623117e-01
2.5292410943501782e+00
-6.7001217167893568e-01
3.4120802534369621e-01
2.0808860783942484e+00
-8.9715678654344178e-01
9.6457104002157479e-01
1.4168108667781101e+00
-1.0461031991117908e+00
4.9720409810660132e-01
1.6937859072697194e+00
-2.4205679213922382e+00
8.7792822045985397e-01
-1.7684508710404215e-01
-1.6239475583096605e+00
1.5825186092290420e+00
2.3324918732776108e+00
-6.5489122177390419e-02
1.3642260673436743e-01
2.0738035651311977e+00
-2.0246933663200903e+00
-7.8470986866010606e-01
2.4774584868944234e+00
-5.3547726453881195e-01
1.0551389600614691e+00
9.9097984738332756e-01
-2.6337989206687253e+00
1.2240614373559284e+00
1.0828263474710373e-01
-4.0409516595405931e-01
-1.0170496385976837e+00
2.2099139618609245e+00
-5.9923466688051619e-01
9.0576292191703711e-01
2.8043503782283188e+00
-1.8743497554907402e+00
7.4764460650823628e-01
1.8263684033150029e+00
-8.3541073363685703e-01
-4.7455761091440407e-01
2.9864686181728684e+00
-2.3217226875978067e-01
1.0104865661738516e+00
6.1370594123560711e-02
-2.3464657898884664e+00
-6.2633669747051224e-01
3.2878346546554638e+00
-1.2278089031552171e+00
-5.9549282520333824e-01
2.1040235557375264e-01
-2.3722421573210029e+00
-1.0128344593572509e+00
1.5181488453036316e+00
-3.9958144018099473e-01
-2.6321262987053112e-01
2.9792897446692224e+00
-1.6695832840364573e+00
-5.4818122754050991e-01
1.7002258358508406e+00
-7.4274481992755324e-03
6.2416854186063175e-01
3.2784161293056799e+00
-1.5175511458645865e+00
-9.8357726445380789e-01
1.7344825386113643e+00
-1.3978378533556841e+00
1.6561484930763954e+00
5.3594813396244845e-01
-1.2398549026369301e+00
1.3674897319391763e+00
3.1393257925623717e+00
-1.5200406455766564e+00
1.4596154137146031e+00
1.2696887434241791e-01
-5.7218363309450671e-01
5.9453198881827574e-01
2.3446999706239429e+00
7.9466776419142113e-02
-7.8717491691888086e-01
