tensor
4 
3 5 7 11 
-1.2491241932494537e-01
-3.6713190921778854e-01
1.7043010838192827e+00
-3.8730329708523559e-01
3.6013282246916639e-01
1.7826214058786389e+00
1.3013174493550168e+00
5.8748287345767636e-01
-5.0468101339438420e-01
-5.2431454690597146e-01
1.6228426356438206e+00
-5.3948646117858190e-01
-5.0377699578678270e-01
7.5107359208858193e-01
-8.6496958941049057e-02
1.6646719631073597e+00
9.2027239837176811e-01
-3.9357944524154015e-01
-6.5024363656633499e-02
-5.0996220442995532e-01
2.9794382070946401e-01
1.9470708431217396e+00
-2.1642303401641172e-01
-4.4214056521478057e-01
2.3678413784999133e-01
2.6650037605103316e-02
6.5502881724528284e-02
9.9882638493594100e-01
2.9864282894079519e-01
1.5867401308833875e+00
1.6414367040514088e-01
1.9573875973038035e+00
1.3055071900204229e+00
1.9192505424145423e+00
1.7837082461201761e+00
-1.4814312144208439e-01
1.9397941052792708e-01
1.1986474438863775e+00
-4.8530524543985948e-01
1.9504370274608236e+00
8.7510152680872733e-01
1.0272021770810946e+00
5.9660119899945267e-03
-7.2983879245657107e-02
1.5450193915096233e+00
7.3940058785844343e-01
8.5690388671209206e-01
3.2301919016384412e-01
1.5531661826134449e-01
3.4771471318698330e-02
1.3078954077249689e+00
2.3421076367676244e-01
2.9965323423343965e-01
1.6095474279728095e+00
1.7255502472294388e+00
7.1652758523751126e-01
-5.1063121895599806e-01
1.1367116678944085e+00
4.8538479416304742e-01
1.4467697073627011e+00
4.3866839398914795e-02
1.3635640361386894e+00
6.9633204512127544e-01
1.8268049427552094e-01
-3.2753161441267259e-01
-5.0942758995422688e-01
5.8659448573732764e-01
1.6733478158934216e+00
1.6449693632212188e+00
1.3571456717584818e+00
-1.9404901873823657e-01
1.3657262503011403e+00
-1.2374515715503737e-01
1.3943378241379243e+00
-4.2956090938277131e-01
1.1111832079721040e+00
1.5191595083226006e+00
1.3742330095090773e+00
4.0352562745540255e-01
7.8322155216166300e-01
1.1067261425721484e+00
-1.6774766307241337e-01
4.8539452841659081e-01
5.7992360484847505e-01
-3.9745774086166130e-01
1.2817926994364079e+00
2.8086044743677194e-02
3.7318422681218551e-02
1.0301614505175303e+00
5.3178722195545614e-01
1.8403012205164078e+00
1.8985610098645782e+00
6.3026232796851989e-01
-3.0340857439168617e-02
-4.4218694200617265e-01
1.6965362077028319e+00
5.2912209105590535e-01
7.9358984087393114e-01
2.0103986365182318e+00
1.1453906763998885e+00
1.6106895997883754e+00
-7.0549242142494528e-02
1.2142986237857831e+00
6.3628513007916487e-01
1.6014697586875375e+00
1.2805306301666731e+01
2.4400665188594090e+01
1.1023399977932048e+01
9.8216453473276975e+00
7.8057892295279627e+00
1.7985099592331032e+01
3.0528223183848350e+01
2.5563390560522613e+01
2.1558539485362762e+00
2.8183344519810600e+01
5.1493594387099355e+00
1.4982001630155830e+01
-6.7610731325232121e-01
3.0721331119772330e+01
1.8254053139337959e+01
2.9747309130265091e+01
4.9490625467099986e-01
3.3236702842791352e+01
6.8905415325358321e+00
5.4405599186733475e+00
3.6827900760903631e+00
3.0507206229942263e+01
1.9721234498847000e+01
2.4506726267583204e+01
6.0300487637995195e+00
1.8639336753949976e+01
2.2478534591490731e+00
2.7175400573655381e+01
2.4372220444760302e+01
2.8417263735103262e+01
2.8741185523170355e+01
3.6623533930762138e+00
1.3567270298582812e+01
1.4588053433175316e+01
2.8437244823234039e+01
4.2185399603059013e+00
1.2118732477770770e+01
2.1391401713183491e+01
1.5840267061359903e+01
1.9651959207758644e+01
3.0796881129608934e+01
2.5189231897523982e+01
2.9177267579867909e+01
2.7104915321763645e+01
2.5187987843171051e+01
1.9123205733208060e+01
3.1696853173200527e+01
2.5191381742083876e+00
1.0801590175305091e+00
1.6605928232128292e+01
1.6661045638825634e+01
2.1844015946989217e+01
2.6101969656701334e+00
2.0765668769482058e+01
2.9591683608618670e+01
6.7078398692346219e+00
2.0064768260903424e+01
2.5128516116555378e+01
1.9579991169631082e+01
3.0096125040738197e+01
2.8881258052552138e+01
1.1737603432354022e+00
6.9203965049955751e-01
1.3721049075345970e+01
3.1350538648156505e+01
2.5364909408025966e+01
2.1315942230924936e+01
5.3074801818865369e+00
3.2868357797767480e+01
3.1923644035064374e+01
2.7615155232522152e+01
1.1193173390457357e+01
8.3677259989202604e+00
1.1240015519850836e+01
1.7972030154913035e+01
1.4685578265686203e+01
2.3259994069089153e+01
7.9240918883598539e+00
2.6932282384223445e+01
9.9050701270961241e+00
2.7118481552246759e+01
2.0791738169197572e+01
1.1996850642721338e+01
6.7086824104294820e+00
3.0620422513462056e+01
1.6069349613590227e+00
6.8631029908547196e+00
1.6745220714678705e+01
1.8487310263692255e+01
1.8113631270491720e+01
2.2916978344322022e+01
1.6002422014141349e+01
1.5925022560676535e+01
5.4294612971453731e+00
6.2091747815860012e+00
1.1357259483630692e+01
2.0445434809944402e+01
5.6362985545326545e+00
1.5170697216386010e+01
2.1399106991080021e+01
1.2780478698781881e+00
3.4348793095089807e+00
1.4577924365470244e+01
1.2104368553709621e+01
1.3316212430378801e+01
-5.1786774611452846e-01
-2.5587559246164510e-01
2.1954823521542335e-01
-4.5413532381734140e-01
1.2657496531399812e+00
-5.5423125606327583e-01
-4.6693001763651254e-01
-6.2163526262361157e-01
-4.6204760022700048e-01
1.2085104594316932e-01
-2.2825985196868864e-01
1.4873009644107158e+00
1.0546480532691291e-01
-5.8210481112261581e-01
1.4354689000734209e+00
1.6452424501164529e+00
1.2973678887560844e-01
-7.8859922125426940e-01
-3.7686768738108800e-01
4.5258119114816850e-02
5.6691164537267713e-01
-3.6524792123065181e-01
5.8917865894172272e-01
8.9283180024761377e-01
-4.7862822417481754e-01
-7.7095144254400216e-01
-2.6868171206944624e-01
-2.0675216282218115e-01
8.8539353464423570e-02
3.2303749321100617e-01
-8.6033833526997894e-01
-3.6449003470610264e-01
1.1444422409996360e+00
-1.0180746725355552e+00
1.5026401454239251e+00
9.4639100199270854e-01
2.6910219223114717e-01
5.2104114542411417e-01
-4.3509500585668676e-01
1.8571622463494916e-01
1.5985626785068683e+00
4.3216563784582207e-01
3.6024030284872927e-01
-4.5103575004520541e-01
2.6991130707517558e-01
6.4862729189194701e-01
8.0294508225506223e-01
8.2596144621784658e-03
-7.0414680951845193e-02
1.6683125244338675e+00
-9.9420614822110898e-01
1.3802344834014511e+00
1.4590215631439021e+00
1.1309068000088427e+00
-8.2336266323789264e-01
-3.6620215887228208e-01
-1.6030019134930071e-01
8.0460497748366167e-01
-7.1733506991704210e-01
9.2088397497933927e-01
-8.0080826207134537e-01
7.3183705949984945e-01
2.8469485150638402e-01
1.0829036432927210e+00
9.0353882542424491e-01
1.4322175129527197e+00
1.3963582024771648e+00
-1.6364510451419276e-01
8.5789182712886936e-01
-5.4569786168007972e-01
-1.0143742457177809e+00
9.8489909647889451e-01
3.0108196029866047e-01
2.4476225936744991e-01
1.4350241473534460e+00
6.0885820869814888e-01
6.3071256963922373e-01
1.3081527595122577e+00
1.1569803407546937e+00
5.1598772999683495e-01
-5.8741125605297073e-01
-4.2767427722758139e-01
1.3840000723666761e+00
-1.0196048790844259e+00
2.7272345310731250e-01
-6.2942716533912213e-01
1.6422507445935592e+00
8.9697499570837957e-01
3.0234055706661678e-01
2.2001062726460510e-01
-9.3289982580514963e-01
8.1089238533027475e-01
-9.8105871324931193e-01
-8.9976248002606740e-01
3.6168052966046571e-01
-8.2891680521246924e-01
1.1924503872205812e+00
1.1907651309331995e+00
9.2428018191885652e-01
-6.8003486790789891e-01
7.4822250195056705e-01
3.5312090123075018e-01
1.6262626426347784e+00
7.1848344505999451e-01
1.1425255851976892e+00
9.5353456919761292e-01
1.0004153362655226e+00
1.3989389036626437e-01
1.7645730403807807e+00
1.6557246926058056e+00
1.5676459228747859e+00
1.0912012241596789e+00
1.2660913159690507e-01
1.8796429282792451e-01
1.8149413184321501e+00
1.0729800356566885e+00
7.9348946012562394e-01
1.0345627530007411e+00
5.0881721311518724e-01
5.7208030769565588e-01
1.3079153227497839e+00
1.0020367074560934e+00
1.9134588716865621e+00
-2.0777719201761069e-01
1.5812685102651443e+00
1.7147568875120278e+00
1.1317787003498532e+00
1.5134863228576012e+00
8.7493364859863121e-01
1.2038672675283320e+00
-1.3674656829688259e-01
-6.8201294945775731e-02
1.8320110049011304e+00
3.3142668685689392e-01
1.3579901725708641e+00
1.0213432586578717e+00
7.4750909966622248e-01
-1.1726935648460939e-01
1.0324939473209362e+00
-2.0556248153452455e-01
1.2871735988903370e+00
4.1193166392607111e-01
4.8805776763614200e-01
7.6665989619470598e-01
4.1848701490810136e-01
4.8764371184801586e-01
1.5572566493578452e+00
1.6670179477086615e+00
-2.4066452670320038e-01
1.5726119750952794e+00
1.8759789378944700e+00
7.1831809364285637e-01
1.6040353529578152e-02
4.8184577955148233e-01
1.5303171923083412e+00
1.1394289874641621e+00
9.3836136736525566e-01
-2.0246461473362656e-01
1.6048410750450113e+00
7.3734494727863267e-02
5.3530670435538774e-01
1.1233196779624983e+00
1.5292431278707637e+00
1.0094789027186317e+00
8.9172168412314956e-01
1.6832304574397101e+00
6.5632269008099309e-01
1.4520130607773576e+00
1.1050394766727367e+00
6.7060426228068770e-01
1.3959072611293473e+00
1.3112954880521421e+00
5.9591352649471685e-01
1.3663967351796189e+00
1.4194712985171259e-01
-2.0471040394157330e-01
3.4809147980484634e-01
1.1942669625603899e+00
6.6823254101044949e-01
1.7113564540598230e+00
-3.7488205722787299e-02
2.0886454699430464e-02
1.5643589302075195e-01
1.3763678603337284e+00
6.4570362572219309e-01
1.8980727120321148e+00
1.0160352108524644e+00
1.2625049544421918e+00
1.5937160507762036e+00
1.5558687406249607e+00
1.0212335936417942e+00
1.7410090905312359e+00
6.3657675071651443e-01
9.1602648720425650e-01
4.2320922665453586e-01
4.1458361465690724e-01
5.4895902260560603e-01
1.8737822786627989e+00
1.7966873849744742e+00
1.2474355177979464e+00
7.8475453468611811e-01
5.1410440724126183e-01
1.0546680515501130e+00
1.5157251792010640e-01
3.7413090369185220e-01
-1.7401882039326483e-01
7.8372602817824999e-01
1.2352895893958475e+00
1.7160427599327301e+00
6.0934343819206316e-01
9.7201100360195525e-01
-8.8238718870236643e-01
-2.6182221848134746e+00
-1.7015981957899495e+00
-2.2903245504092866e+00
-1.6257531821330493e+00
-7.9559158564353971e-01
-3.4127958672776149e-01
-7.0510645297612307e-01
1.4759602983494926e+00
-3.8871925541006414e-01
1.8321297659446980e+00
2.3571335537996599e-01
1.9055612317286545e+00
-1.8360505677469081e+00
4.3617350768004154e-01
-1.5836957103323657e+00
4.1366008208026145e-01
5.3542037670657983e-01
-2.7373637374184057e+00
-1.7625574930147248e+00
-1.9230276950880645e+00
3.9291417007418122e-01
1.3142934041408234e+00
-1.2946008758920891e+00
9.8097334988203888e-01
4.3204963283093384e-01
-3.0571414685045846e+00
5.0254341360460204e-02
-1.0738115678109583e+00
1.6879348045374396e+00
-3.0861786660160329e+00
-6.7888445820932952e-01
-8.7771076248650892e-01
-6.8688337302687297e-01
9.2690985987468422e-01
-1.4093593231259427e+00
1.0029936438520750e+00
-6.3239789477359176e-01
-2.9055568791224049e+00
-2.1743810082980244e+00
6.7432455763441723e-01
-6.2128850068821551e-01
-2.2952065670782997e+00
-1.3120192801856718e+00
7.7488377796909119e-02
-2.0915586847371253e+00
7.6131108838604833e-01
-1.8248695568427389e+00
1.6954134572813244e+00
-1.6880817238038490e+00
9.0259305123103906e-01
-2.1076488417312280e+00
-1.5918699956366245e+00
-2.6167078851176249e+00
-8.5224261364227519e-02
4.7396050804105611e-01
-2.3977739186060254e-01
-8.7051023536172489e-01
2.7085322886623847e-01
2.8742124627341453e-01
4.5127825933676929e-01
2.2568133397655948e-01
1.8402262428417338e+00
-2.0018540327397734e+00
6.0921655384164231e-01
-1.8594110639994281e+00
-2.4691135593256783e+00
7.7043378354778508e-02
-7.4313209263903468e-01
-6.9831648833016280e-01
3.6218764354302485e-01
9.2756627787723156e-01
-1.2645651405817959e+00
3.6252604617496792e-01
-9.2045280365743398e-01
1.3014401648996572e+00
1.2544091053452047e+00
-1.7539425712600263e+00
1.0917275323808416e-01
-5.3705517527789952e-02
-2.7032545725026524e-01
1.4476207699411896e+00
-1.7104303576738424e+00
-1.4323089819564658e+00
-2.4700617999280454e+00
1.8123351079968464e+00
2.7664105770269892e-01
-5.9009618520535823e-01
2.4410402334916842e-01
-2.4957257850788794e-01
2.8582359644914401e-01
-2.5390487282266427e-01
6.7061203436121264e-01
-3.6553233277874503e-01
2.0934837731124532e+00
-1.9510167067543076e+00
-2.5400748861014124e+00
-2.5197268713934795e+00
-2.7603325262497522e+00
-9.8087594958646718e-01
-7.5234166113040746e-01
-1.1831657846638652e+00
8.9218013923804984e-01
1.8450547006983714e-01
1.3696807896288432e+00
1.7055431401951431e+00
1.7888176578983186e+00
1.5888823645951897e-01
4.7915878639148278e-02
1.2116090865418319e+00
-4.6145797943736779e-02
8.5489276608700238e-01
8.6520584420149771e-01
1.5558230257555532e+00
7.7023243058929691e-01
5.7941876567523676e-01
1.1597595020828990e+00
1.3055401335181187e+00
8.4371928204352953e-01
4.8391755922887192e-01
7.1137984060718487e-02
9.8159319354130536e-01
3.0527465771518181e-01
-1.4920933103861198e-01
1.3340907362574925e+00
2.6485597854055881e-01
6.8160548154042533e-01
1.1939253517477777e+00
5.0795908016325975e-01
1.2952728717843900e+00
5.8203077407745729e-01
1.1847805687493815e+00
1.2278540329809899e+00
6.8140317974775266e-01
-2.0114507952301619e-01
4.4872903632763528e-01
6.4383227665719511e-01
3.2223781478268076e-01
1.6938009689646683e-01
1.4735269454472009e+00
6.5554852472853020e-01
1.6114220881819898e+00
5.7467255537811845e-01
1.3636973133746590e+00
5.8638172390756427e-01
1.4459538978438069e+00
1.3343910204746794e+00
5.4588786025622160e-01
2.0897444617304980e-01
1.4081513355946351e+00
1.7398872752795962e+00
4.4185524501676127e-01
1.1594113303034004e+00
6.7376112993395620e-01
1.4981193630615270e+00
1.3631542176509277e+00
1.0716473823934990e-01
1.5575781255805550e+00
1.8245834604547302e+00
8.3196733699234227e-01
1.6041359983688177e+00
9.8563086944504563e-01
8.1065414338238134e-02
1.7524462715350286e-01
6.0760015501329412e-01
1.3210891956080082e+00
1.4815911375648843e+00
1.4072239838203402e+00
4.2297953937380289e-01
8.7297206935167904e-01
-5.4224013826035401e-02
-8.8049626518129417e-03
4.2526041012596411e-02
1.1748354608093490e+00
7.9178566394567063e-01
1.5404895933847151e-01
7.9142825414652129e-01
6.6150292322223220e-02
-1.2724612889601569e-01
1.5340538118027649e+00
9.2828773512350471e-01
1.6987690233421202e+00
1.2124459876591360e+00
9.7470133087470501e-01
1.4603240949979217e+00
1.5931395926399756e+00
1.8225781020070457e+00
-2.4092759803792915e-01
1.5647977857822672e+00
1.0368650213825832e+00
1.8247464133682469e+00
8.5964377762583588e-01
7.5910485217051538e-01
1.4309920861313550e+00
2.3365999629365375e-01
7.9787618716546649e-01
1.6387330092553551e+00
9.5772848595294469e-01
1.5224992039492335e+00
1.3000751421124805e+00
9.8137391464394097e-01
2.7310083864545270e-01
1.1492896179142416e+00
-6.7727273565534818e-02
1.0648268628567235e+00
1.1378661828565806e+00
1.2815183438449227e+00
1.6176459974159436e+00
1.8087814554368356e+00
-1.4633820306539911e+00
-5.9787758458699791e-01
-2.1983168920340570e+00
-5.9162044913026945e-01
2.0065522419639041e+00
1.5272663768862371e+00
-1.8956282586562359e+00
-1.4962845126804367e-01
-1.8132452429461303e+00
1.1187181631867356e+00
-4.6335599718124398e-01
-8.2136499993541656e-01
1.9373051054257981e+00
-7.5137091118834498e-01
4.1274808682235908e-01
1.8563684875576882e+00
-1.7396023197118024e-01
1.1966701040451460e+00
1.5170040464242851e+00
1.1367630817107826e+00
1.4088928672038199e+00
1.2125340280579724e+00
1.8881135224789145e+00
-8.4588620264828740e-01
7.8438018853803648e-01
-4.0016894091151195e-01
-1.1225647480379948e+00
-2.1800550370920843e-01
-3.8726996436499556e-01
3.0840180946280809e-02
1.5130889362665305e+00
-1.7759284700706518e-01
-1.8508145771975109e+00
-1.9473819540434267e+00
8.3777571004693696e-01
1.1230725032362954e+00
-5.2189937451736879e-01
-8.6948173034029630e-01
1.6074347380082291e-01
1.1345421618691223e+00
-2.2888436706814224e+00
1.7062355454172082e+00
1.5971690097285023e+00
1.4295348887583856e+00
1.3168643669366027e+00
-7.8018632327874649e-01
-5.6218041291573584e-01
1.8446244439845396e+00
-2.2116435855601515e+00
-1.2771271871085348e+00
-1.3194834972972491e+00
1.7923635637173971e+00
-1.8851537805072045e+00
-2.2264255875371290e+00
-2.4570937392873415e+00
-1.8782247361066857e+00
-1.5396508612246882e+00
-2.8380750076347500e-01
1.2654551868847033e+00
2.4582295569923432e-01
1.4669537614570050e+00
1.9423872645058429e+00
-2.2482801585738184e+00
6.9468785145128975e-01
7.2132087014522961e-01
5.4874630873692853e-01
-7.0137115820327389e-02
-9.0587034674058942e-01
1.9685087629480560e+00
-1.8010224935772159e+00
-4.9445985029307959e-01
-1.8558982446605281e+00
4.7979984262912084e-01
2.6948358954096873e-02
1.8346508676651059e+00
1.2677387743796455e+00
-9.7327916801429104e-01
5.5846931062824867e-01
-2.0606957262151750e+00
1.5397443283896484e+00
-2.4756402144797263e+00
-4.0656126112134711e-01
-1.1767993528641945e+00
-2.5267341282824414e+00
7.5677703749079639e-01
1.7230804006645592e-01
-5.9856011229855399e-02
-1.4399798359230200e+00
-1.6902748316264880e+00
1.6224900689903707e+00
1.2630813189744035e+00
4.2555905839350677e-01
1.8232764353128583e+00
-3.2306451444308287e-01
5.3530716972390335e-01
1.2743760196397629e+00
1.1208332630017148e+00
-2.0914591485406056e+00
-1.0313375510951930e+00
-7.6596762847254390e-02
-2.1236598017276722e+00
1.6050028829320129e+00
-1.3550316226119832e+00
-1.3122201607172062e+00
-5.0751227895159901e-01
1.2200410567052060e+00
9.2254980824378191e-02
9.0399318767447490e-01
1.3567655202744087e+00
1.1424716322401411e+00
-7.2072828494499119e-01
1.5278927268832416e+00
1.0608674970768814e+00
1.5762200840503537e+00
5.1683448374834351e-01
1.6867308344086633e+00
-7.2687125530217700e-01
1.1860065668653268e+00
1.4680441825874990e+00
8.8370505583546022e-01
4.7768962723715486e-01
1.4453832459919989e+00
-9.9501201973450315e-01
8.1618835106085796e-01
9.1106592465824499e-01
1.5535811226875846e+00
9.0861614795375900e-01
1.5964350843723472e+00
3.4287846722735299e-01
-3.5614969546882236e-01
-1.9954132756355700e-04
1.4775435838453466e+00
1.5021988183307864e+00
-3.9933322299422452e-01
-7.4856150732283089e-01
2.6548278155560251e-01
1.4249451797022752e+00
-5.3195401818922505e-01
7.9979139418231560e-01
9.2027833104672585e-01
-3.1488357232080910e-01
1.6947767798698179e+00
1.5907115378244179e+00
-1.0081166700483921e-01
7.5170599755594758e-02
2.8642510158859424e-01
-2.6954469910352047e-01
-2.0822638342818317e-01
-4.1062840320792421e-01
9.3665123694666153e-01
-1.6802781691635477e-01
2.0295775709168493e-01
6.4026118408009269e-01
1.5548223298479382e+00
-4.0734752846453859e-01
8.0119452741284791e-01
6.3161617622995894e-02
-3.0106841992891198e-01
1.4367986448205796e+00
1.3737896084116932e+00
2.2242621234517646e-01
3.9803318693079870e-01
-7.0853342296656541e-01
-4.5864121250217094e-01
-2.8219185599350449e-01
1.5828349860321047e+00
1.5239811757181350e+00
1.4812686479158030e+00
-4.5697714300582337e-01
-8.5197870751712723e-01
-1.4395369203216254e-01
1.3623358875407301e+00
-2.5047168806408793e-01
1.4216704534796907e+00
1.4021756654922253e+00
-2.6544189147204814e-02
8.2514095652191732e-01
-6.2298974541343269e-02
-3.2257850773467101e-01
1.3055337531938765e-01
-2.9773238371450578e-01
1.0817829431104720e+00
-2.8387515794786000e-01
-9.2731709205288138e-01
-6.4424032161023737e-01
1.4875297285278108e+00
7.2240912066439678e-01
7.1486668228856698e-01
-1.4753870116802548e-01
9.0260862417184937e-02
-4.3243743260834289e-01
7.1908788266734980e-01
1.1604217246124702e+00
1.4863500602359003e+00
-3.8484295295192728e-01
1.1613865504626213e+00
6.6278636783919131e-01
2.1631396288277632e-01
1.0978215831193050e+00
-2.9882890208298325e-02
4.0007850725581551e-01
1.3083721597698088e+00
-4.1214365509570261e-01
1.4482860713803725e+00
9.2002361841634162e-01
1.0748305417292343e+00
2.7340069619157259e-01
1.4731552851247813e+00
6.1624654996349104e-01
1.4367085208860091e+00
-3.6667271815803337e+00
-3.9001180651005232e-02
-2.6990746495759814e+00
-1.0153330033569754e+00
9.3247487212050517e-01
-1.9385235049099512e+00
-5.2300295564448596e-01
-1.8110319004246633e-01
-1.9376743444785836e+00
-7.3486727816226971e-01
-3.6803763382107082e+00
7.6698010172640585e-01
-3.2609792740104306e+00
-2.8361187031632906e+00
3.3334701775436418e-02
-1.6410338927148416e+00
-1.2249455842785278e-01
-2.1354055800717111e+00
-2.7996335632113309e+00
-4.0717868529824921e+00
-6.3881317292385897e-01
-1.9542863486764745e+00
-1.8346036337410854e+00
-9.8120227521279368e-01
-3.9521371306817392e+00
-2.5682393639440115e+00
-1.0218004409781942e-01
-5.1393129517894376e-01
-3.5963027365338385e+00
-3.5702919556135231e+00
-3.7743030526209487e+00
-4.2305432789459365e+00
-1.9891259702364328e+00
-7.3446175537322178e-01
-3.7096075974275766e-01
-1.4056841926830277e+00
-3.6854341644531083e+00
-8.6295291448162570e-01
-3.5900004577717368e+00
-3.5478833794260587e+00
-3.7406147720542924e+00
-3.5061953544122120e+00
-3.3646577101598143e+00
-3.2135476526584945e+00
-2.5592349400868697e+00
-2.5649062364649655e+00
-3.0985086658778922e+00
-2.9178167745945163e+00
5.4657038314983941e-01
-4.7728272482045914e-01
-1.2732970439532545e+00
-3.2773174854750549e+00
-3.1283687496104240e+00
-3.8552915897835112e+00
6.5925411077907980e-01
-4.5843557948065194e-01
-1.2622271630756445e+00
-2.5810980235959144e+00
-3.3757098424854290e+00
-9.1298060250352386e-01
1.0593752811487498e+00
-3.3528878036410927e+00
-2.8813831819009903e+00
-2.1311278665286375e+00
-3.8733833657187109e+00
-5.8051669596474675e-01
-2.1009625838062780e+00
1.0318518450272489e+00
-2.1020654973519539e+00
-9.2283226047726663e-01
-3.4395795401286962e+00
-2.2145375195494710e+00
-3.4030716715432652e+00
-1.8103218367171295e-01
4.2884952541129806e-01
-2.3795230097583806e+00
-5.7274659537281336e-01
-2.6851588451039925e+00
-1.4088145397979401e+00
2.2004230646098266e-01
-1.0479498922375010e+00
-2.4629936516135302e+00
-2.6577603228032420e+00
-1.8299981279227149e+00
-1.9916288455256155e+00
-2.3318676334318740e+00
-1.2593653646215848e+00
-2.6505146336136204e-01
-1.9825121935268681e+00
-1.9554125956058639e+00
-3.5987823520989415e+00
-4.1408749349302258e+00
-2.7065501198661761e+00
-2.5590146906303772e+00
-7.4462499036257424e-01
8.9206707906456784e-01
7.7761820490429001e-01
-1.8014262297039576e+00
-2.9748303064187760e+00
-1.4980634810642124e-01
-1.7447479014241726e-01
-2.7529166173680203e-01
-2.5888254209506134e-01
-3.7010728004399134e+00
-5.9420214939009630e-01
-2.3396038348292067e-01
-8.4720883758601317e-01
-1.1247597061038412e+00
6.4602468512783939e-01
-9.3794776661039658e-01
-9.6588695408908742e-01
2.6115350637563928e-01
8.1897404039095745e-01
-1.0379299614000907e-01
3.5082179806717462e-01
-9.9025970321463608e-01
9.6323350387133710e-01
-4.4382562067089355e-02
2.9472666267914360e-01
-1.2760725166946589e+00
6.1092769467490937e-01
4.6296260632288955e-01
-1.0718398399191449e+00
-8.3065527628136529e-02
-5.6959457756081411e-01
-3.0790434238871265e-02
-3.9119352524804407e-01
-3.5159783873730333e-01
-9.2395836829430944e-01
-7.4164514406694237e-01
-1.3152154280757151e+00
8.9049904079683628e-01
2.3114449260274561e-01
9.1232798201303156e-01
-9.6602748557581686e-01
8.8420198855500509e-01
5.7540246800251893e-01
4.4785124438072255e-02
-2.9068214297332012e-01
-7.3620621026313837e-01
4.7108932525794389e-01
-8.0689599549207958e-01
-1.2086069849144900e+00
5.0865910362069733e-01
2.7388988669476988e-01
3.8137514680808265e-01
2.0271872370856747e-01
-3.4193887425320313e-01
-4.1102153806418051e-01
6.2786791791612939e-01
-5.9012375470482004e-01
6.2395947447057432e-01
5.6176390818829425e-01
7.1609208580310835e-01
-1.3046650758629225e-01
1.8708954219717136e-01
9.5697480074512031e-01
-2.8108752690813416e-01
-1.2187870343336342e+00
7.5147087559080628e-01
1.7616609653131546e-01
-4.9818244474894707e-01
1.0695852371930010e+00
-8.1788130035489137e-01
2.2809454231619333e-01
1.1218319050941658e-01
-4.1961016083479130e-01
-1.0181094784064779e+00
-1.3039828969255831e+00
-3.3689811915260170e-01
-9.1574615249282043e-01
4.0717227749156160e-01
-4.6084244102529398e-01
6.8995047197724879e-01
4.2782029228379304e-01
2.9231935951466347e-02
-9.3344098993075797e-01
9.7282419630431882e-01
-7.1738043491824222e-01
8.9270998852346961e-01
-8.1886088229006382e-01
-4.5302442781113378e-01
-1.1516696231063681e+00
1.9797025978299521e-01
-9.2425357199882019e-01
-1.2553422810532793e+00
4.0081799897682885e-01
-5.1683166036967265e-01
2.4803754067737585e-01
-4.2785730417157303e-01
1.6678231566578799e-01
-1.3124946378036837e+00
8.5849152271368190e-01
5.8981376421891629e-01
4.5619412031006773e-01
6.2047444964949516e-01
-4.2923055167498175e-01
1.4219528888672966e-01
4.0146424056881951e-02
-7.0838187787592433e-02
-6.9357383784381366e-01
-7.5814949291638201e-01
-2.6234401721847861e-01
-8.0923241125671286e-01
5.9931647283364331e-01
1.0429668260466656e+00
-1.2921208612222619e+00
-5.7130962349717027e-02
-1.1527030214890504e+00
5.9355724259880027e-01
8.5266504801896374e+00
2.0873656523364756e-01
8.0779537685715486e+00
-2.3114051952640277e-01
5.7728929423182649e+00
6.6739372577747211e+00
4.4226411167341526e+00
7.5905414212064803e+00
7.7136186577939849e+00
5.2506459944233903e+00
8.4843517606465435e-01
1.5693996837324669e+00
1.2477541066275704e+00
-1.7894850376724343e-02
5.6948128654987507e-01
5.1650121156709714e+00
8.0803227654802061e+00
2.8019728914744562e+00
3.3086372252193930e+00
8.4833967890958419e+00
8.1337026986858554e+00
5.7080061258419601e+00
8.5190500912536145e+00
6.5214591479983710e+00
2.6418156843443903e+00
5.5793604241545820e+00
1.8071911066484156e+00
2.2702779226150547e+00
5.7398788166613626e+00
4.3659008334853615e+00
3.3173359913421567e+00
5.0404933661295797e+00
6.3743365629233599e+00
4.8681724575782797e+00
4.5818826527681979e+00
4.8685101940213400e+00
4.2213436262682693e+00
3.4986231803314299e-01
6.0951789446342284e+00
8.5898891015408623e+00
2.8026816017728997e+00
8.3653240737190977e+00
2.7297527854100623e+00
7.6012243985704320e+00
3.7060953238251031e+00
3.3338760151960947e+00
1.5687725890002011e+00
7.3826545332191118e-01
2.3912075320244117e+00
6.1541160491776328e+00
6.6661406036924511e+00
5.8626295036781499e+00
-3.0668267021272022e-01
7.2103980121604332e+00
7.9240210479728743e+00
6.5586456844732774e+00
-1.0318412458400445e-02
3.0160129734954184e+00
5.9578049916247702e+00
6.1848605709234210e+00
1.6278062534798636e+00
2.0316853199807783e+00
5.6754134804352470e+00
3.9117194059164260e+00
5.2306114151812420e+00
1.7375561737446230e+00
1.2024995973476555e+00
7.0880017204183705e+00
6.5222734489573035e+00
8.0335762640567339e+00
5.7802512373313886e-01
1.2485336728215057e+00
4.9870967884605605e-01
4.0224050452430875e+00
1.3479106548319406e+00
7.6855375385607445e+00
4.9865887346728527e-01
3.2626252245066168e-03
4.6315145764181622e+00
6.5725435888336987e+00
2.4184961736662673e+00
1.2192646544092733e+00
2.6621677594490598e+00
1.5003455939049979e+00
4.2063042513467854e+00
7.7799981284166622e+00
5.2775815043164922e+00
5.2070506779464520e-01
3.1302795195014408e+00
9.7527434338295554e-02
4.1263034578753057e+00
3.4988805319706335e+00
8.6025548461443950e+00
6.9252798814111394e+00
3.9853150319947046e+00
7.6725147959131741e+00
8.4552726044602777e-01
3.1226142711803950e+00
7.9693378452758550e+00
7.8803824641583811e+00
6.0410959798925923e+00
5.1820944275632925e+00
2.7012428181399746e+00
8.0475481932492077e+00
7.3032322562931939e-01
