tensor
4 
3 5 7 11 
1.0799757273325457e+00
1.3821229732380851e+00
-1.2018052407999551e+00
1.4072849834996781e+00
4.7492497764880792e-01
-1.2995028687618435e+00
-6.9911903932108677e-01
1.9132603277012869e-01
1.5537032330351745e+00
1.5781943178795221e+00
-1.1001930799336128e+00
1.5971199299952614e+00
1.5525755515653319e+00
-1.2738822258271732e-02
1.0320558610974935e+00
-1.1382498835707626e+00
-1.5387421480806610e-01
1.5835311364045410e+00
1.1490579804786596e+00
1.7374328336056093e+00
6.6907778415510344e-01
-1.5116872141940441e+00
1.3492638570607152e+00
1.6477471666308663e+00
7.4995384395974907e-01
1.0278300078608953e+00
9.7645196275554047e-01
-2.5775207385215315e-01
6.6815343286879980e-01
-1.0351947461183064e+00
8.6298348140359882e-01
-1.5480321327016460e+00
-6.7157923250546725e-01
-1.4967568803866864e+00
-1.3145203269343220e+00
1.2828529257823404e+00
8.2286934287765312e-01
-5.2790635421830401e-01
1.7361672425074528e+00
-1.5386870948253233e+00
-9.2899021276533142e-02
-2.9739827384417450e-01
1.0756532685535736e+00
1.1818013600908293e+00
-9.9360327446493968e-01
-1.2290480407434652e-01
-2.7954563559307904e-01
4.3216325784491155e-01
6.5572353714699250e-01
8.1641938344967346e-01
-8.8075162341255553e-01
5.5055164273726265e-01
4.6331185368754618e-01
-1.2828767019584681e+00
-1.4375172800881726e+00
-9.2413352474034968e-02
1.5434826382744500e+00
-6.5255068257818027e-01
2.1571756254444527e-01
-1.0658816238811384e+00
9.5595113575872503e-01
-7.6159238443500177e-01
1.0678862407894833e-01
7.7528962186241579e-01
1.4393142961336458e+00
1.6760460668099131e+00
2.4960853345467401e-01
-1.1647660252469230e+00
-1.1278323804527397e+00
-7.5323908931646910e-01
1.2655909845848725e+00
-7.6440643672909081e-01
1.1740927665049028e+00
-8.0164348123241636e-01
1.5721021469214975e+00
-6.2457071459426694e-01
-1.1923402474295475e+00
-9.9064997655813847e-01
3.6025711376765968e-01
-1.6815538863683449e-01
-6.1836793777175292e-01
1.1552826311950151e+00
2.4632238860706093e-01
1.1476884120989014e-01
1.4749639054305774e+00
-8.6200330855311547e-01
8.8274618065948263e-01
8.6989773111951352e-01
-5.1181493603566874e-01
1.8175893745829902e-01
-1.5183119289169333e+00
-1.5961899927012042e+00
9.9192821952071505e-02
9.8224608364204391e-01
1.5327763207414793e+00
-1.3261357991521625e+00
2.3439080171758261e-01
-1.1913324153159963e-01
-1.7456875779046812e+00
-5.8939872334990517e-01
-1.2113813916675893e+00
1.0359941521404492e+00
-6.8151058269239739e-01
9.1141914590739295e-02
-1.1990568813772953e+00
3.7413882087347144e-01
-7.5063447317508147e-01
5.4698734285346751e-01
6.6355997572185332e-01
8.5910210150303867e-01
-1.2831161803441213e-01
-1.3450200077673631e+00
-8.6342118891290098e-01
1.4071572655675753e+00
-1.1175620286902872e+00
1.1167811708068485e+00
1.6299496593639065e-01
1.6818632430281772e+00
-1.3637518686191223e+00
-1.5440065675783424e-01
-1.2621733295462092e+00
1.7458939973173544e+00
-1.6209927831771689e+00
1.0882214773640528e+00
1.2373252052103438e+00
1.4180792463093557e+00
-1.3403146585521895e+00
-2.3117742662068239e-01
-7.2327653703325046e-01
1.1767072059944910e+00
-1.1992430080832937e-01
1.5656358751407766e+00
-9.9770021498804706e-01
-7.0944510675290107e-01
-1.1254028183014853e+00
-1.1752807323199481e+00
1.4467586418979290e+00
4.1118082910856218e-01
3.0445602001239602e-01
-1.1435031567723197e+00
1.3886082834154327e+00
5.6262820040203054e-01
-4.0684692161433372e-01
1.7353471470598811e-01
-2.2498491485289596e-01
-1.3902075994694201e+00
-8.0391725679889792e-01
-1.2208739368647010e+00
-1.0042055852520171e+00
-8.0378718856126519e-01
-3.7995563011873207e-01
-1.6833848288705284e+00
1.3412813122828118e+00
1.4904510307881611e+00
-1.1900565423247564e-01
-1.2471932145526470e-01
-6.6200453389383296e-01
1.3318418327554329e+00
-5.5021921429883247e-01
-1.4651554334707444e+00
9.0706553518117516e-01
-4.7756136440592012e-01
-1.0024875516298803e+00
-4.2730763980723568e-01
-1.5174476338702458e+00
-1.1877895760701813e+00
1.6163653778367431e+00
1.6651182273761107e+00
3.4650902973290593e-01
-1.4376946915516824e+00
-8.3191527176963909e-01
-4.2213696962954356e-01
1.1980096286014303e+00
-1.5913065453599480e+00
-1.4956961872720291e+00
-1.0596528337273752e+00
6.0234429854744476e-01
8.8829550147104963e-01
5.9760361100617665e-01
-8.3714218078617272e-02
1.0472028553895363e-01
-8.2320484201810751e-01
8.3644979959702470e-01
-1.2206206755137152e+00
6.2206790734757433e-01
-1.2407711896362610e+00
-5.5608965618336148e-01
3.9569496879558963e-01
9.6798167543572677e-01
-1.6197519957505795e+00
1.5200938847087839e+00
9.5127024691698658e-01
-1.1817466451056498e-01
-3.0670397123518967e-01
-2.6626434999669230e-01
-6.9880962472406805e-01
1.9946901193515672e-02
2.7992444482745859e-02
1.1189884232708320e+00
1.0379385151456355e+00
5.0280375032777258e-01
-4.4189682228300259e-01
1.0974880374975458e+00
1.0640329804790515e-01
-5.4102944497715777e-01
1.5505208817752527e+00
1.3263218734061442e+00
1.6802104105808408e-01
4.2514301635593477e-01
2.9917387919706845e-01
-9.3387383094916543e-01
-6.2364510453793953e-01
-6.0688823178389431e-02
-8.5840734111468575e-01
1.1781335191211062e+00
-9.7693239290208622e-01
-8.7355772448686109e-01
-1.0567464591581759e+00
-8.6777638289459436e-01
-1.7755760303072873e-01
-5.9094490385412979e-01
1.4404756548375841e+00
-1.9577667472461638e-01
-1.0099378755703534e+00
1.3791005522536797e+00
1.8086770328014097e+00
-9.3699558185431867e-02
-1.2464639278684413e+00
-7.2962756635321446e-01
-1.9974353274838652e-01
4.5507517386480090e-01
-7.1504156269603758e-01
4.8302640258555379e-01
8.6419464403374235e-01
-8.5736503908831718e-01
-1.2243111098619153e+00
-5.9382440034099571e-01
-5.1608577633486541e-01
-1.4541367495802199e-01
1.4894601177426328e-01
-1.3560595869472463e+00
-7.2321997791357617e-01
1.2025950552931204e+00
-1.5573747913999660e+00
1.6597546775702676e+00
9.4982688301291318e-01
8.5418988330271270e-02
4.0696279206556357e-01
-8.1333145412103214e-01
-2.1004575232339534e-02
1.7821783669621587e+00
2.9353305679258801e-01
2.0173643103544811e-01
-8.3367625374724030e-01
8.6451642714638358e-02
3.5326197656980174e-01
5.4854077170512561e-01
-4.5708029309232423e-01
-5.5663732783485398e-01
1.6436051259858577e+00
-1.7256333603736467e+00
1.2790617209423860e+00
1.3787614766745930e+00
9.6355428986639313e-01
-1.5094424090533869e+00
-9.3093650726520605e-01
-6.7038140186051576e-01
5.5064125758902172e-01
-1.3752716136702081e+00
6.9778451616646320e-01
-1.2750611972981458e+00
6.1841255918705940e-01
6.6000318509921677e-02
1.0521302326989335e+00
8.3053781944408889e-01
1.4836825531662989e+00
1.4393809379422942e+00
-4.8789165425153952e-01
7.7414421544573309e-01
-9.5989053038083194e-01
-1.5389067065108850e+00
9.3105261950531482e-01
8.6245420234457942e-02
1.6666454908663964e-02
1.4871499493779521e+00
3.3738906590837275e-01
3.6625990660993429e-01
1.2611965217502379e+00
1.0614892490376120e+00
2.1470193706975066e-01
-1.2429502195135900e+00
-1.0319286809634123e+00
1.3613950904919929e+00
-1.8139023181091667e+00
-1.0666386289092970e-01
-1.2984556002109440e+00
1.7025587620830611e+00
7.1800755590431042e-01
-6.7538001798209582e-02
-1.7630047235012689e-01
-1.5760353293947038e+00
6.3667793454943289e-01
-1.6371445649699137e+00
-1.5339870600716428e+00
6.6669062497903483e-02
-1.4440903605955908e+00
1.1208402368899013e+00
1.1187018003741156e+00
7.8055670627395579e-01
-1.2551727617372839e+00
5.5715556868577321e-01
5.5807674747735389e-02
1.6713084208207727e+00
5.1941941800293889e-01
1.0574902167840601e+00
-1.1750845964165300e-01
-1.8853020235096407e-01
1.1151117077306572e+00
-1.3461864278217530e+00
-1.1812872626948336e+00
-1.0478528478328151e+00
-3.2606574997361959e-01
1.1352373749985576e+00
1.0422877338690606e+00
-1.4224915548111119e+00
-2.9846166747550984e-01
1.2495093830141094e-01
-2.4026163076473617e-01
5.5621348685079230e-01
4.6037343330003933e-01
-6.1032636746488811e-01
-1.1908951917498660e-01
-1.5828209767934038e+00
1.8238549603668541e+00
-1.0493278261844317e+00
-1.2637083236871125e+00
-3.2745337494433097e-01
-9.4047056566523324e-01
8.5036244835014096e-02
-4.4322662213419856e-01
1.7097807558163536e+00
1.5996979897693147e+00
-1.4520168231875843e+00
9.5790094854527241e-01
-6.9074588741426113e-01
-1.4978937788348590e-01
2.9734219524106276e-01
1.7094003289917605e+00
-1.6799683958840120e-01
1.8535702311143625e+00
-5.8385187267983818e-01
8.4529160849221185e-01
7.2098869232913165e-01
2.6607171456071022e-01
8.3458766853171873e-01
7.2166478554039470e-01
-1.0248584281603641e+00
-1.2040827520376860e+00
1.9108867935693687e+00
-1.0499314540315747e+00
-1.7438511203077947e+00
1.3038078068203354e-01
1.2673556990366805e+00
5.1322516638590976e-01
-1.1842310262653424e+00
-5.5139011532201987e-01
-2.2586528677079395e-01
1.6211112778637542e+00
-1.3048838401738818e+00
1.1739499313017088e+00
4.2667289918137075e-01
-5.2530943554360399e-01
-1.1824921354298943e+00
-3.4100328607424013e-01
-1.5035648588280529e-01
-1.2271190442475084e+00
3.9600591385045880e-01
-8.6165805622286074e-01
-3.1323345368094108e-01
3.7343253675172949e-01
-7.7297752755477944e-01
-6.3924060882081168e-01
4.9148831668289994e-01
-7.2633334711508724e-01
1.2090251899546636e+00
1.7569502450545944e+00
8.8319452627157169e-01
-4.5426594354621003e-01
3.7718126678351899e-01
-1.2715748449888979e+00
1.4346710405402789e+00
1.3360093445281553e+00
1.1069110100531805e+00
-9.5495206621912021e-01
2.7997713218246773e-01
-1.8367094094571388e+00
-3.4593729732407719e-01
-7.6250713674331416e-01
-1.3223022304705074e+00
-1.2583347524242066e+00
-3.5472332295242198e-01
-1.5712489653705977e+00
2.9540288302774692e-01
-1.7690795788513611e-01
6.5602514010986579e-01
7.0037626738046499e-01
4.8222733491337588e-01
-1.6685291422449005e+00
-1.5433710570453192e+00
-6.5169965444865652e-01
9.9430065486426231e-02
5.3881132784298624e-01
-3.3875536190068600e-01
1.1273561058493908e+00
7.6604837098290035e-01
1.6559305225366263e+00
1.0109977276510135e-01
-6.3198160220094823e-01
-1.4124502350688637e+00
3.8419752425885689e-01
9.6079516260044273e-01
-2.1818673759388160e-01
-1.3217890009221407e+00
-7.3902145033486744e-01
-1.1133195483076013e+00
-6.9080100949720613e-01
-1.6300417462144384e-01
1.2583649939648328e-01
-1.0547589720277210e-01
1.2811940389522036e+00
9.5675495702799943e-02
1.5076380451204776e+00
4.9267477507424851e-01
1.5543240101000080e+00
-8.2450304411191488e-01
7.4076392896462195e-01
-6.2059485696110395e-01
7.2559024867471444e-01
8.0765469393100386e-01
-1.3981482206687990e+00
-7.4114477036617654e-01
-8.4929905952692941e-01
7.1160784361122686e-01
1.3326023635932795e+00
-4.2574967128205954e-01
1.1079501037618471e+00
7.3798450482773881e-01
-1.6136731763814960e+00
4.8066072869739235e-01
-2.7694129214824625e-01
1.6137564093550616e+00
-1.6577515335935509e+00
-8.1296361607699364e-03
-1.4437730553895517e-01
-1.3610970762883812e-02
1.0922566237712898e+00
-5.0869468084161318e-01
1.1443937807841842e+00
2.3725736037320994e-02
-1.5339786877789814e+00
-1.0329332719445281e+00
9.1917007531618777e-01
3.1338556975873427e-02
-1.1157301676821254e+00
-4.4199146450412291e-01
2.9415273445553852e-01
-1.1795791627147585e+00
7.5876752221736676e-01
-9.9838057039499462e-01
1.3934316934295135e+00
-9.0544178811762588e-01
8.5475978478092951e-01
-1.1905114186359300e+00
-8.4007193278757730e-01
-1.5363852185824722e+00
1.8359966691426416e-01
5.6353076445422501e-01
7.8590475479784913e-02
-3.4995306611335186e-01
4.2553206399370680e-01
5.9715937498511473e-01
7.0585024817592446e-01
5.5620558940820719e-01
1.6271777295050169e+00
-9.2138001736833364e-01
8.1061507220798801e-01
-8.2689367001685843e-01
-1.2313261405270035e+00
4.5760993650452775e-01
-8.6435060077542702e-02
-5.6707634477384104e-02
6.4675398709624154e-01
1.0217852189023064e+00
-4.3231597314856779e-01
6.4697845888947347e-01
-3.7962376557523081e-01
1.1963713643009268e+00
1.1630120972886786e+00
-9.7082047627742929e-01
3.5069262960070025e-01
2.3516259952172347e-01
8.1513447709343642e-02
1.3000576916299229e+00
-9.3995713692112803e-01
-7.4268483809852182e-01
-1.4787659231386197e+00
1.5587506299063294e+00
4.6947838390111890e-01
-1.4530085750962127e-01
4.4639977102127454e-01
1.4867884519757410e-01
5.1344630379736056e-01
1.4572723653650346e-01
7.7560413599896616e-01
6.9675021779091628e-02
1.7450120853542321e+00
-1.0105215369489444e+00
-1.4118491240672220e+00
-1.3979859439405435e+00
-1.5619114954327700e+00
-3.4956093426143753e-01
-1.9385965079650125e-01
-4.8738177141567079e-01
9.2655933198851759e-01
4.4441787737567806e-01
9.3816153267506552e-01
1.4719083581640029e+00
1.6042468277580166e+00
-9.8600972525281694e-01
-1.1623651387243634e+00
6.8695662810608060e-01
-1.3118463806427592e+00
1.2006902274682726e-01
1.3645839385481243e-01
1.2339756584754837e+00
-1.4471765288921086e-02
-3.1770964752271696e-01
6.0455813639894607e-01
8.3623027564029140e-01
1.0231230893892559e-01
-4.1431786251673536e-01
-1.1097221866480176e+00
4.2410973646187328e-01
-7.1527521036363850e-01
-1.4809384118412610e+00
1.0179577129530317e+00
-7.8336802784923676e-01
-8.1275618486174830e-02
7.8182293220019849e-01
-3.7381542823409092e-01
9.5256176695172823e-01
-2.4902781919922443e-01
7.6641683649467252e-01
8.3898213546755063e-01
-8.1616433656951565e-02
-1.5918573377825778e+00
-4.7870572221395202e-01
-1.4451871294793939e-01
-6.9536907929151470e-01
-9.5719488750123205e-01
1.2766426142474940e+00
-1.2445027176692981e-01
1.5128394363249134e+00
-2.6298050977348369e-01
1.0885184385079669e+00
-2.4292419494633136e-01
1.2294134944268142e+00
1.0383204901787915e+00
-3.1228502752096904e-01
-8.8937480852035811e-01
9.4307223672085949e-01
1.5064657889432684e+00
-6.9800707318538346e-01
5.2063228253942673e-01
-3.0415683070379473e-01
1.0958666750598338e+00
8.6665276241804157e-01
-1.2664184237538980e+00
1.1968466396007769e+00
1.6503069557183283e+00
-3.5472174278252798e-02
1.2759167739944413e+00
2.2549757014494004e-01
-1.3107434095158106e+00
-1.1507970337812685e+00
-2.3591638807105395e-01
9.4708482470138078e-01
1.2132052290583273e+00
1.0899006958914286e+00
-5.4202678329487342e-01
2.0408377820533011e-01
-1.3332546088886197e+00
-1.2579475059549960e+00
-1.1728380843201427e+00
7.0458867438196415e-01
6.9472578044655925e-02
-9.8792739876642710e-01
6.8879974372008088e-02
-1.1336678709601251e+00
-1.4543289993445547e+00
1.2288836807294092e+00
1.5487813285052590e-01
1.5209189362905731e+00
6.5868240887047003e-01
2.3716808148393301e-01
1.0981630478969637e+00
1.3336410431221530e+00
1.7404288139199680e+00
-1.9181064775856989e+00
1.2833918479725088e+00
3.4738248775785374e-01
1.7442731665853153e+00
3.3174402616893403e-02
-1.4507817354043470e-01
1.0461582535284515e+00
-9.7793167281133864e-01
-1.7080317142459129e-02
1.4148857102416348e+00
2.5514564957325164e-01
1.2169413562691458e+00
8.3815665493153679e-01
2.9541344511100387e-01
-9.1076453465479013e-01
5.8137126364871694e-01
-1.4911894834000050e+00
4.3753251174203339e-01
5.6191733226722174e-01
8.0655471748145080e-01
1.3789748586200308e+00
1.7044755566272796e+00
9.2836967628019496e-01
3.0600606681398640e-01
1.4568438107916208e+00
3.0150670990661921e-01
-1.5667773195907169e+00
-1.2221342824447445e+00
1.2391876320516295e+00
-1.6319196586093748e-02
1.1799479698534252e+00
-9.2835700368618745e-01
2.0927480093844547e-01
4.6671053819893110e-01
-1.5169833548838978e+00
4.1637945796950177e-01
-4.2071075542271030e-01
-1.4630763669829070e+00
8.4622450543100067e-02
-9.6019503635625691e-01
-1.2043823243874689e+00
-9.1452852593526779e-01
-1.1219702781845844e+00
-9.7228794338151503e-01
-1.4872752824281381e+00
5.9682474580654299e-01
-6.4591065049763596e-01
2.5705903579825834e-01
8.0773397120223733e-01
1.1819771071199343e-01
2.4722627790229967e-01
-7.1494809609110269e-02
-1.2186805967063861e+00
9.1671054811704664e-02
1.3884904085198551e+00
1.4633343105389607e+00
-6.9528358017530112e-01
-9.1640095887245721e-01
3.5852353492657180e-01
6.2791492394907800e-01
-1.7055425637651375e-01
-9.2529044137623928e-01
1.7279819389415396e+00
-1.3683775892389858e+00
-1.2838462974376799e+00
-1.1539225888858209e+00
-1.0665980516445708e+00
3.4226531173189639e-01
1.7473688064334167e-01
-1.6747920653444894e+00
1.4422803935294697e+00
7.2414359715346899e-01
7.5669265135479691e-01
-1.6346317629752438e+00
1.1913866231915409e+00
1.4536397442710500e+00
1.6308985786781673e+00
1.1860619421522565e+00
9.2588206917493387e-01
-3.9181068428616267e-02
-1.2297246962300687e+00
-4.4617993960677776e-01
-1.1810119281743356e+00
-1.5376999880135733e+00
1.6062960134971505e+00
-6.0162905474728934e-01
-6.2161014506735390e-01
-4.9213823134735846e-01
-2.7828655862277341e-02
5.9916978402155374e-01
-1.5572973166403898e+00
1.2707465249717733e+00
2.9051418689951869e-01
1.3119163732483619e+00
-4.4041200450162549e-01
-1.0066582323435344e-01
-1.4568720991147861e+00
-1.2644742773729070e+00
5.3335237857138695e-01
-6.9547234121820500e-01
1.4057177610459073e+00
-1.4826870932157339e+00
1.7386014241469139e+00
7.8710521342565565e-02
6.9662372344737000e-01
1.7795908327782948e+00
-8.5456206142471003e-01
-3.8567962935455818e-01
-1.9942912592188369e-01
9.0775674421293040e-01
1.1085525551757223e+00
-1.5490687563446408e+00
-1.1547273708618646e+00
-5.0935862797822173e-01
-1.5863963962918868e+00
6.7507536462006440e-02
-5.9392712720118757e-01
-1.1634307177610794e+00
-1.0451154197752595e+00
1.4301777312077883e+00
6.1328082607643986e-01
-1.2241288774072895e-01
1.4549905583354585e+00
-1.4182015497369194e+00
8.6270946319563302e-01
8.2972027515318048e-01
2.0963727737897811e-01
-1.0120022925995891e+00
3.5831090125865961e-01
-6.2798924785141275e-01
-1.1781289547023652e+00
-9.1775178884030950e-01
1.3461238555901280e+00
-1.3860565697520915e+00
-8.1859892157311076e-01
-1.4447765846260749e+00
-1.5757318983023028e-01
-1.5790523506758491e+00
1.3535878538695512e+00
-9.7064878463275628e-01
-1.3133377699410429e+00
-6.0333821222302542e-01
-3.3247031581816251e-02
-1.2797008529455787e+00
1.8636907594914709e+00
-4.6925592908773411e-01
-5.9146456194443675e-01
-1.4190669232149999e+00
-5.8830908641415103e-01
-1.4742656795850992e+00
1.4039871982131402e-01
1.0407935428797419e+00
5.8230604100359984e-01
-1.3211255097137353e+00
-1.3528830935660907e+00
1.0964168019989500e+00
1.5462460879353495e+00
2.4692374427970659e-01
-1.2715275961424484e+00
1.2912603087167975e+00
-4.5281574734932817e-01
-6.1060745415893503e-01
1.0069812238393636e+00
-1.6249035707472146e+00
-1.4886179900093006e+00
7.2662907779879926e-01
4.9615975919041216e-01
2.1949733185229525e-01
9.4760467750196953e-01
8.6730118617834118e-01
1.1323702550243502e+00
-6.3204968544655804e-01
5.9604000434909854e-01
1.1431909353567360e-01
-4.5351485988409646e-01
-1.6410629992203944e+00
9.0679416165252746e-01
-6.6248513302152146e-01
2.9584292721336281e-01
7.6879184417397395e-01
-1.4878104712724913e+00
-1.4059938925833502e+00
8.9039506797243956e-02
-1.3898432396427954e-01
1.2978809143156600e+00
9.7339847708892446e-01
7.4428082215834357e-01
-1.4669370105448274e+00
-1.3923279455375888e+00
-1.3381812089639118e+00
1.1189359333828290e+00
1.6196800185553333e+00
7.2211562764740600e-01
-1.1874099674253169e+00
8.5714865351251879e-01
-1.2626284870708568e+00
-1.2379149146360422e+00
5.7327542194993164e-01
-5.0640713487926026e-01
6.1860181787162349e-01
9.4855857867399640e-01
3.7412260011496612e-01
8.1919897723844270e-01
-1.0508252577951342e+00
8.0041459151247885e-01
1.6726426756923130e+00
1.2889133971484277e+00
-1.6008418522201537e+00
-5.6367028072246772e-01
-5.5344600682004474e-01
6.1560151017928044e-01
2.9324847912725904e-01
1.0018005773182495e+00
-5.5916812302691921e-01
-1.1574253254875351e+00
-1.5992427338542488e+00
9.3728311333605918e-01
-1.0567492270771335e+00
-4.0754367557953541e-01
1.7378857015512114e-01
-9.7398405546625300e-01
4.9435075476362211e-01
-6.5483228237913832e-02
-1.2481327782230673e+00
9.9207582453570731e-01
-1.4303085802281863e+00
-7.4248108023105375e-01
-9.4404842321956806e-01
9.9458424534368511e-02
-1.4626896987815352e+00
-3.4694620854368602e-01
-1.4152339566808438e+00
-1.2505865323181291e+00
9.7946000259481525e-01
-6.5574828504056648e-01
3.7928639588004964e-01
1.5766486559492932e+00
-1.8822001957838266e-01
6.8193298954602755e-01
8.9210663203529272e-01
-1.8769802114821696e-01
5.5169512202752469e-01
-1.2589769825451453e+00
1.4749152176551577e+00
-1.0011639697837358e+00
-7.3999241393963788e-01
1.0239265317410717e+00
7.7706886966982205e-02
1.0672864075277717e+00
-2.4445802921752124e-01
-6.7731241386011276e-01
-1.5063306777582131e+00
7.3081943861025356e-01
-1.2642889548250813e-01
-4.8435812925456082e-02
5.0769631230189727e-01
-1.4283590953591274e+00
-5.2652082380952125e-01
1.0805246733383695e+00
8.1220063560346145e-01
-1.1964741377493497e+00
-1.1795238121757134e+00
-1.3316118193919375e+00
-1.6339020566055535e+00
-1.4881036400704814e-01
6.8249016858622047e-01
9.2333434640373546e-01
2.3775956814821589e-01
-1.2727301256369661e+00
5.9735602055284565e-01
-1.2094987923035105e+00
-1.1815933581281586e+00
-1.3092910380661815e+00
-1.1539722010199593e+00
-1.0601938676179483e+00
-9.6007315819391958e-01
-5.2654640258892305e-01
-7.3749307808816122e-01
-1.0880371376598408e+00
-9.6933365054894682e-01
1.3065561716540990e+00
6.3394749318938481e-01
1.1101492106261185e-01
-1.2055035621994945e+00
-1.1076533807535391e+00
-1.5851970899716594e+00
1.3805824675506193e+00
6.4632891140373261e-01
1.1828715366110593e-01
-7.4813008886573229e-01
-1.2701413043761740e+00
3.4772071765198198e-01
1.7751974429872424e+00
-1.0546612440485164e+00
-7.5225601023361288e-01
-2.7107062284814404e-01
-1.3884874143388728e+00
7.2343274354482234e-01
-2.5172375124997759e-01
1.7575449518939530e+00
-2.5243111829004344e-01
5.0388448558108767e-01
-1.1102620454693009e+00
-3.2456642004965780e-01
-1.0868472791518109e+00
9.7964700269581084e-01
1.3708020674203747e+00
-6.2163549314961253e-01
6.1747905097498546e-01
-8.3124516359198963e-01
4.4091031536045058e-02
1.1611856495675379e+00
2.9157745525306100e-01
-6.7888091959342878e-01
-8.1245484332874474e-01
-2.4476303232966798e-01
-3.5561181880065973e-01
-5.8895271655271586e-01
1.4658553229109444e-01
8.2850101816254496e-01
-3.4935948121454385e-01
-3.3077416780416014e-01
-1.3440317205656458e+00
-1.7011315096879056e+00
-7.5627982712650110e-01
-6.5909187005651293e-01
5.3612496166480306e-01
1.6142846918679556e+00
1.5388922771360329e+00
-1.6003564201275003e-01
-9.3300756898795112e-01
9.2795768257434097e-01
9.1170751474688239e-01
8.4529508866591974e-01
8.5610448423658603e-01
-1.4114148552711636e+00
6.3521498150955180e-01
-8.6112445693980397e-02
-9.1920607865488813e-01
-1.2962569457836972e+00
1.1093409677720234e+00
-1.0424742638840963e+00
-1.0804294499801472e+00
5.8649622779210653e-01
1.3442914282752243e+00
9.0719017783799399e-02
7.0830995987228795e-01
-1.1135396551154295e+00
1.5402668762616898e+00
1.7142766698860071e-01
6.3210512018753495e-01
-1.5018143153053145e+00
1.2088381173130502e+00
9.9574873218463922e-01
-1.2145706965796632e+00
2.0939567672857209e-01
-4.9127079299039084e-01
2.8467875621653654e-01
-2.3434957618857155e-01
-1.7732652712825667e-01
-1.0016017306472980e+00
-7.3904646653686734e-01
-1.5650638771883778e+00
1.6114579981792270e+00
6.6189985023262043e-01
1.6428945736144875e+00
-1.0621868486251567e+00
1.6320157275064546e+00
1.1798630884112589e+00
4.0291877252276342e-01
-8.8281505310354613e-02
-7.4062993656796605e-01
1.0271249536502729e+00
-8.4413583868579578e-01
-1.4323319722028263e+00
1.0821356428072635e+00
7.3838018353242252e-01
8.9576301863888930e-01
6.3416943503737710e-01
-1.6333300240506335e-01
-2.6448571372396090e-01
1.2566844241352040e+00
-7.3395144477611807e-01
1.0286380563491910e+00
9.3834338007716345e-01
1.1623949270015266e+00
-6.6627312115494788e-02
3.9439623710799754e-01
1.5121051726884915e+00
-2.8529685710689295e-01
-1.6466362342442646e+00
1.2137573722967057e+00
3.7853772742425257e-01
-6.0047230285765407e-01
1.6755914710166426e+00
-1.0646067483977193e+00
4.5392673795555422e-01
4.4960224607658383e-01
-3.0414225692715580e-01
-1.1524333638597055e+00
-1.5576199221703875e+00
-1.8690922535092222e-01
-1.0073473186476436e+00
8.6770902044083908e-01
-3.6258338722963956e-01
1.2685085210817391e+00
8.9697476362518902e-01
3.3203016289375059e-01
-1.0324273359451097e+00
1.6694434222360772e+00
-7.2619098446576991e-01
1.5558924656950102e+00
-1.0917510697681536e+00
-5.3728889177991301e-01
-1.5961564045218006e+00
4.4935945319250914e-01
-1.2514843592326717e+00
-1.7532828117437056e+00
7.5679573488728835e-01
-6.3399521151013338e-01
5.2524148537048654e-01
-4.9914556840125862e-01
4.0209096693180435e-01
-1.8399029935572575e+00
1.4504462874002382e+00
1.0432379479137035e+00
8.4072385212946199e-01
1.1029361718533428e+00
-4.2519734160316597e-01
4.0666968419514699e-01
2.5810957429768144e-01
9.6541033971104279e-02
-8.1002149138060409e-01
-9.0402906736174982e-01
-1.8224822168298235e-01
-9.7839426461481305e-01
1.0721349339737065e+00
1.7179896952125469e+00
-1.6813708368159035e+00
1.1649565983426731e-01
-1.4784099354186424e+00
1.0637507948846567e+00
1.6586723845627867e+00
-1.4010084655779698e+00
1.4936227398928030e+00
-1.5628138781389376e+00
6.4572379063635155e-01
9.7716603268375446e-01
1.4904401060412872e-01
1.3143318454927562e+00
1.3596048631898892e+00
4.5361925555030147e-01
-1.1657002369243878e+00
-9.0049897128300904e-01
-1.0188138303765624e+00
-1.4843730939539073e+00
-1.2683112861065631e+00
5.3086169082134405e-01
1.6676818107495197e+00
-3.9060118464335059e-01
-1.9302834324171861e-01
1.8248597979038703e+00
1.6884972192455492e+00
7.4260122389760730e-01
1.8387627386547944e+00
1.0598057599782817e+00
-4.5305419815972381e-01
6.9243606498733479e-01
-7.7851454406606047e-01
-5.9793467697752223e-01
7.5502992208869646e-01
2.1924969032676653e-01
-1.8999161780094548e-01
4.9319248094264401e-01
1.0220243076811877e+00
4.2487202088146142e-01
3.1136605494913749e-01
4.2500592401233095e-01
1.6842233228908074e-01
-1.3665126115929653e+00
9.1134605585767381e-01
1.9004294298489748e+00
-3.9403780676014039e-01
1.8113956257481350e+00
-4.2295205940373798e-01
1.5084513006651692e+00
-3.5859326649485074e-02
-3.9357018229659607e-01
-1.0874387759617938e+00
-1.4139141596190301e+00
-7.6413660067385514e-01
7.1507645967070743e-01
9.1635517925765642e-01
6.0049203566675857e-01
-1.8246870776075734e+00
1.1303047512775979e+00
1.4108325690346715e+00
8.7409853450935926e-01
-1.7081852071286259e+00
-5.1852330314477513e-01
6.3790586705637098e-01
7.2716224328545842e-01
-8.6827180030833984e-01
-7.1326992517057952e-01
6.8513059668817400e-01
8.2549886299999927e-03
5.1442317484321665e-01
-8.2615165879013897e-01
-1.0314972177091539e+00
1.2272577930588162e+00
1.0101409623831892e+00
1.5901531236246713e+00
-1.2711598355925615e+00
-1.0138301272097661e+00
-1.3015997462108446e+00
5.0734243113509020e-02
-9.7569094190709327e-01
1.3961139493878549e+00
-1.5532584634152886e+00
-1.7565606333920831e+00
1.4279502021771331e-01
9.3936021749511411e-01
-7.6538998335048547e-01
-1.2575341427669551e+00
-6.6539132101291609e-01
-1.1421833197817310e+00
-3.1704044097332747e-02
1.4348789641878557e+00
4.0792986703553308e-01
-1.5442110813198839e+00
-4.7328623957986776e-01
-1.7178759636690903e+00
-5.7434941599620176e-03
-2.5306322851520957e-01
1.7587207269358114e+00
1.0975666925651228e+00
-6.1318798466347413e-02
1.3921143300922980e+00
-1.2989711785919273e+00
-4.0138116179969224e-01
1.5091170641142397e+00
1.4740523249740156e+00
7.4903603068430713e-01
4.1043183411864642e-01
-5.6747881543671452e-01
1.5399462890054254e+00
-1.3443827026391855e+00
