tensor
4 
3 5 7 11 
2.9695042190044574e+00
3.3169474745653513e+00
3.4565303787307289e-01
-2.6390351127326874e+00
-7.9549147538078324e-01
2.7130622438503149e+00
1.2927893365746936e+01
6.0051314316114377e+00
-4.5866650952413917e+00
1.3716050516000580e+00
-4.4226359362840428e+00
1.4125474326504421e+00
1.1835899715964673e+00
5.3106971517800187e-02
8.0766634173627627e-01
4.0249764076302802e-01
1.4702754992840992e+00
3.3548842154185401e+00
-1.8441373794935418e+00
-2.9415720684456450e+00
-9.4888001991046866e-01
1.9190404547118998e+01
-1.7911415464694553e+00
-3.9801483354482956e+00
-6.8226842858956160e-01
-1.1520811903868335e-01
-2.2005500389753013e-01
-1.7009117114726854e-01
4.6069755751511182e-01
-6.9973709212616453e-01
2.5548778448016503e+00
-1.7378038703462120e-02
9.1768895794118455e-01
3.0500566287187008e+00
2.7157429243254549e+00
-2.0491489558023170e+00
2.1889380359691177e+00
1.1932200484462353e+01
-4.3987590545853887e+00
-5.3066703553259407e+00
-2.4048087290587365e+00
-2.8152620620771440e+00
7.2436732766696565e-01
7.9549253632712891e-01
-6.6215127348889624e-01
1.7297207268821919e+00
1.5611722392649592e+00
2.3269844253319234e+00
-1.3006685737514165e+00
-1.5979919607884951e+00
1.5421553656765865e+00
2.5791013728842715e+00
3.2137619221803622e+00
1.5917105201349480e+01
-4.6997989952597070e+00
-1.9768868054428945e+00
1.3346797159503203e+00
-2.9431071557088423e-01
2.9246349114512754e-01
-5.7363906433477674e-01
2.7274047283808294e+00
8.3441135038015746e-01
1.7914988881172151e+00
-1.2331758500263494e+00
-2.4916088613086687e+00
-2.9402534472426010e+00
5.9965158546965034e+00
1.6535840846543852e+01
1.6260626842428362e+01
-3.7056356854348760e+00
4.8036240027157118e-01
-3.7287909254404483e+00
8.4122289043724130e-01
-5.2640367773143770e-01
1.1167294028381112e+00
1.1964301813922522e+00
6.1122288016238602e-01
8.1910761556121303e-01
-6.8846356029030165e-01
2.4805260183735151e-01
1.0459734056392018e+00
-1.3190881933834913e+00
5.0150794884411258e+00
5.9318217058785532e+00
1.0292738468108809e+00
-3.5022908700967790e+00
-1.1908327614820528e-01
6.9612223805998386e-01
-1.9832063470939207e-01
2.5065998378851617e-01
1.5057240967226226e-01
6.7003697309870713e-02
1.8862702776189280e+00
-1.7585908618240693e+00
-2.7744050684273565e+00
2.5007339722893955e+00
5.4391490366714530e+00
8.0039551319004421e+00
1.9804556974447035e+01
-3.1342012867482687e+00
-4.3898401917278740e+00
1.4709035416276989e-01
-3.6420806869844574e-01
1.5651880887967637e-01
-7.1300687419501729e-01
2.1578526947941725e+00
8.6446048173274848e-01
2.3566135771435475e+00
-1.1684770692470594e+00
-1.5551200392972246e+00
3.9728060923338832e-01
1.7949448066566362e+01
1.4205259822747589e+01
-3.4473440107828184e+00
-4.4602107377801046e+00
3.7341525601634690e-01
-1.6899408986799862e+00
1.2769626127491467e+00
-9.2260583565760124e-01
-4.9202378182044877e-02
2.6807465981863315e-01
3.5310034282661626e+00
-1.2114612240097548e-01
-1.7306653496851792e+00
-2.0087730939590287e+00
-2.3459148902409468e+00
1.7933598301285990e+01
9.7994452255119171e+00
1.3408385018811780e+01
1.8860473368493938e-01
-2.4574238183811485e+00
9.8228925999703609e-01
-6.7419331098244106e-01
-4.7781466118045496e-01
-7.6119286137526199e-01
3.8030166818322186e-01
3.1776938408660103e+00
2.0728602154880340e+00
-2.5427582119631403e-01
2.4020112245726177e+00
-2.2431575929278722e+00
4.0660800044595282e+00
1.1058988280347334e+01
6.8726451183314881e+00
-2.6699201883057588e+00
-5.0086550668174237e+00
-3.8319034540650838e+00
-8.1443543659929107e-01
-6.6925541974428238e-01
-5.3496378927288579e-01
1.4531291922837541e+00
5.0614802927463266e-02
3.3052125900790221e+00
-2.8451018081667816e+00
1.3275433366817507e-01
1.4332590057652297e-01
1.1400323632769599e+01
-3.1047049104390467e+00
1.0587096857347532e+01
-4.7557472853542251e+00
4.6371911441633835e-02
-2.7565471685147678e+00
-5.3079745787884092e-01
-1.4209184947431769e-01
-8.7880660763684904e-01
3.6467742398923947e-01
3.4552813570033236e+00
3.5090143892389647e+00
-4.2056801685334416e-01
2.9607835333454657e+00
1.8127345994021056e+00
1.1002081123995328e+01
-1.0705706556487713e+00
1.9714241600435816e+01
-5.2451035341355583e+00
-4.3409775916803639e+00
-8.9486446700933264e-01
6.4339085024570575e-01
4.4217069598359876e-01
-2.9445070286057584e-02
1.9481197196947762e+00
9.9169545203582699e-01
2.7023226654107750e+00
2.1133581098512599e+00
-1.1524761233756589e+00
2.1490712734593762e+00
1.0606756883645229e+01
3.9741638073689893e+00
-1.3865362770471986e-02
-4.9716256535034100e+00
1.1167844548109300e+00
1.3790321330391720e-02
5.6499881646985307e-02
-6.5543361290913565e-02
-3.9365030691441226e-02
1.0299567832889376e+00
1.8012337572438264e+00
1.8098671985527850e+00
-2.0109018192947050e+00
-1.8613520896536149e+00
-8.7394493212248214e-01
1.0345595014780026e+01
-8.2259494757978291e-01
6.3676944518803253e+00
-3.0365549200176938e+00
1.1858006145769722e+00
7.3319475961396052e-01
2.0833127000164436e-01
3.8161786885994720e-01
2.9672133944394335e-01
6.5375103501543863e-01
1.0104872956746662e+00
1.6578384325278739e+00
1.8408896406119410e+00
-2.1859368229154836e+00
2.0752477251696964e+00
1.4284066281242126e+01
1.5708266424398309e+01
1.4239119262321370e+01
-2.4266691461506977e+00
-3.3209630949115923e+00
1.0736738700070847e+00
-7.9084480911440616e-02
-6.6707844063691313e-01
1.0583048908868071e+00
3.5991058177379389e+00
1.5355485124483921e+00
2.8511505589345515e-01
1.6599802383296036e+00
6.7164241846983630e-01
-5.4972311031324028e-01
1.3347991642856570e+01
4.5616413660646336e+00
1.7662426234186541e+00
-3.9623149448947643e+00
-4.7111397075519141e+00
-3.4245090601105752e+00
-3.4608535908207078e-01
-9.3558743913576214e-02
1.0697875285635516e-01
1.8743295770788407e-01
8.6259466057227518e-01
2.9172014498140322e+00
3.1612604349777285e+00
-2.7405767645786838e+00
-1.4382113150903333e+00
7.5082315075180839e+00
5.1889081178426792e+00
1.3990996525669278e+01
-2.2605083727794848e+00
1.3586855331780103e+00
-1.6291954569454965e+00
1.3879375286283596e-01
-5.5499114885347300e-01
6.1546441998255215e-02
2.2420851592782238e+00
2.4522088241276290e+00
1.3701416010142762e+00
9.4247116496124184e-01
-3.1284712627636844e+00
3.1053762295555742e+00
-2.7207349912077219e+00
-3.4460405246911772e+00
-4.2545067547451038e-01
-4.8453980128470748e+00
-3.6743206414100329e+00
-3.1468753949420911e+00
5.1880435593446650e-01
-7.8272429443980862e-01
6.1824352039820141e-01
2.6849086502898328e-01
2.3553860384568233e+00
1.7465439909432989e+00
-1.7578331060576706e+00
-1.3378800249531784e+00
-2.5756938079474785e+00
-2.8691682457994223e+00
1.1492057408356544e+01
2.0878963250868732e+00
-4.1341227324067029e+00
-5.3346995596527966e+00
-2.1329526508715688e-01
8.8202878492277953e-02
4.0039546127332293e-02
1.0579245484361517e+00
2.1879344000642744e+00
2.2176919439163147e+00
3.1401145309521521e+00
-1.9312714520325873e+00
-4.3049317760887390e-01
2.1529332121693643e+00
1.3922682081793917e+01
-2.7554006054458697e+00
1.9371932674256662e+01
-2.0376277970463943e+00
-4.3486064682170644e+00
1.4705983189663763e+00
5.9779710296178201e-01
8.9279201935873076e-02
1.8872511078615629e-02
8.8631087344726203e-02
2.4630301069097582e+00
2.3056522668636267e-02
2.8842519872395522e+00
-6.9208367198707613e-02
2.7183785468711421e+00
-9.9201443822613811e-01
-9.7650014686553166e-01
1.4767321437839842e+00
-4.4782448222147533e+00
-8.1957380742431907e-01
-1.8316790518692643e+00
1.2214673772671665e+00
4.4515517241046648e-01
8.0778640436853133e-01
1.5925007544914023e+00
1.5108318800041409e+00
3.0099075640035382e+00
2.8053690542387515e+00
2.4793160223983906e+00
2.2154778429623718e+00
1.0027591941388973e+01
-1.3333038228298755e+00
-6.1066718013202881e-01
-5.1198745190941715e+00
-2.6882247696500161e+00
-1.7722427585404299e+00
-1.1121188445642934e-01
4.6400903953636269e-01
3.9479255939819147e-01
9.7514999227735344e-01
1.5080073622212262e+00
-7.9740172447367516e-02
-3.1027663127216538e+00
2.2562840289167889e+00
2.6561457724020929e+00
1.0505510515391423e+01
1.5001235231729078e+01
7.4804081088929673e+00
-3.1171850294031374e+00
1.2764448993599915e+00
1.0517996238729663e+00
-9.8370415589715754e-01
6.5809293503469690e-01
-4.6507550291000466e-01
1.4743742882445166e+00
1.9514084529931117e+00
3.4579000829693132e+00
6.1244088657774498e-01
-3.0961321921087097e+00
1.3753286495956885e+00
2.0272042862117359e+00
2.9238120190083272e+00
6.2051676994534892e+00
-5.4323711751415360e-01
-7.6988622804088147e-01
-4.2753575941055662e+00
-8.0318439565096056e-01
1.2840209011451280e+00
-6.9989433101450349e-01
-1.4448066534866456e-02
2.0022607908745678e+00
3.2256672366229422e+00
-1.0370146012514208e+00
2.1036603829389735e+00
9.3276264397134268e-01
8.2274551840512302e+00
-5.2091105598199618e+00
1.6077204882703246e+01
5.8662962725804713e-01
-9.2609344057192144e-01
-2.8532042388510725e+00
-6.5244425016661156e-01
-8.3767513668780449e-02
4.5071270397860443e-02
3.2133038681397730e-01
2.1102601933789407e+00
7.2412380783320651e-01
8.2974955754184931e-01
-4.7159237080399191e-01
1.7010381432246391e+00
1.2619846231740233e+01
4.1941293307617924e+00
1.3268824727334719e+01
3.6307451601644003e-01
1.4991846133494739e+00
-3.1252792921864991e-01
-2.8594508905658123e-01
2.8959190186461364e-01
-8.5169538558218716e-01
3.3189169306975463e+00
3.2172250618688487e+00
2.9810904856353382e+00
1.6425082619725493e+00
-5.4618172572407386e-01
3.2052646298849403e+00
9.1422920837814647e+00
1.2045194862630870e+01
1.5946175153072630e+01
-4.2708089633334252e+00
-2.5186347577703487e+00
-4.8775744319809844e+00
3.2422666632987801e-01
1.8479259196356908e-02
5.5767318185847892e-01
2.5313829574514215e+00
2.2972936066940015e+00
-1.0621365345810417e-02
2.9015669261806099e+00
1.2562940286340745e+00
-1.2965753059734464e-01
3.2305874527315548e+00
9.5973068818766443e+00
-1.0392868677599683e+00
-3.9786763634413624e-01
1.3985982577297911e+00
-1.7402447993480876e+00
-3.3082815799909676e-01
-8.5682269716130832e-01
3.5402277491333717e-01
2.8324568556038550e+00
1.4767294240225397e+00
2.0768206909474976e-01
1.6048294300113513e+00
2.3449243211053004e+00
1.5094837627382816e+00
8.7598703242462879e+00
6.5142795676762821e+00
8.3126169432880843e+00
7.2909486394805412e-01
-1.8355752583803782e+00
1.2189684136340262e+00
4.1812085585168679e-01
1.1848527228257717e+00
-5.3315587013489263e-01
2.4407127333835485e+00
9.6401149498160343e-01
2.4242534482142939e+00
-1.2073531804604589e+00
2.9069025913632469e+00
1.6814620864004215e+00
1.4332604727110301e+01
2.8852785337161588e+00
-1.6689500498418313e+00
-3.0815199150547721e+00
4.8292505646067740e-02
-7.0669419097964470e-01
-1.0938352705424408e+00
3.3296499340433666e-01
-1.8316414946433718e-01
3.3558598333883123e+00
-1.3443508836657531e-01
1.6255077367258521e+00
5.6911075453496163e-01
3.2921937730726886e-01
-1.6994992584070905e+00
1.1793625015429074e+01
-1.3024566630107390e-01
7.9532302957577725e+00
-5.2972200451604339e+00
-4.2915647269102051e+00
-3.7347057634833258e-01
2.4617565875227419e-02
-7.4398318056601143e-01
-2.9254024690625280e-01
2.1784825004697606e+00
5.9271919716641042e-01
2.6784167707528743e+00
1.7597953217495539e+00
-2.6655942561343995e+00
1.5878377125792420e+00
3.6601823005651585e-01
1.5245157205052008e+01
1.2695745760959593e+01
-4.8999387089141697e+00
-1.4181498932894872e+00
-6.4905020103224587e-01
1.9979323839359475e-01
-8.9815759832603856e-02
4.3425577519672104e-01
2.3319618069991122e+00
2.4517556292692495e+00
2.2868245257659701e+00
-2.8476401284100525e+00
1.9822846079630596e+00
-1.3001232310134667e+00
1.4018158005303048e+01
1.7031818861784437e+01
4.4465767865651564e+00
-2.3230327482092159e+00
-2.2613936096487479e+00
-8.0278199129465411e-01
7.3579391484777246e-01
-2.7075107582697600e-01
4.7634851391947824e-01
1.4489001268366590e+00
3.0732984141146211e+00
3.0389145919997631e+00
1.6706321659665913e+00
-6.7151223161429152e-01
-4.6675602337220690e-01
6.1635647776742806e+00
-2.3279656623584493e+00
1.3281770461433608e+01
-3.2709228955903131e+00
-4.6982424804743523e+00
1.1917429486911566e+00
4.3691333033833629e-01
3.8939913811322800e-02
4.2197353764881768e-01
1.9393723071457236e+00
2.3307937851029448e+00
1.9362050207082149e+00
-1.3773042186017870e+00
-7.4754831201102476e-02
-3.1660131769643733e+00
1.4470949886457275e+01
1.7382569226867954e+01
1.7281992280074270e+01
-5.0974792596211502e+00
-2.6500243567410204e+00
-2.3356995386514341e+00
-2.3337552742078657e-01
7.1954591972910931e-01
3.9460810474199753e-01
2.8064301346159959e+00
3.4201929181799575e+00
3.5723707365608184e+00
2.0931962195219889e+00
2.4419015461960254e+00
-1.2147389738414267e+00
1.7691539824639577e+01
6.5591187936517663e+00
6.4316996883224293e+00
6.2694583361618272e-01
-2.0738603454676663e+00
-2.7298645395408703e+00
4.9892394568741777e-01
6.6623948267086119e-01
1.3619785098154993e-01
1.1877655092054844e+00
4.3344237466425795e-01
2.0972297052147431e+00
1.6332102748489385e+00
3.0613225622623639e+00
-1.5996096255473986e+00
1.3849081959439673e+01
8.7001004207414496e+00
2.3703374945292222e+00
-2.9755380002132088e+00
-2.6880759079649214e-01
-2.7208846351530851e+00
5.2764115704797754e-01
5.7707748975347295e-01
-5.0095798245409301e-02
-6.4134119815396587e-02
1.1234611722384154e+00
1.4799974367679551e+00
1.5799074222933502e+00
2.0602279408177879e+00
-2.0377561138322600e+00
9.0220367124786662e+00
-2.7878761875329348e+00
1.0021267353696077e+01
-3.3569088980860771e-02
-2.7059263703032497e+00
2.4922336420220087e-01
6.9935226038393239e-01
-2.0562961797840967e-01
-5.9231232225315789e-01
2.8767321179653580e+00
3.4829542009286460e+00
1.1108998438207278e+00
-1.0507194288098913e+00
4.7532557100222972e-01
-2.1150321777669285e+00
2.7949803322712924e-01
1.5797372909472575e+01
-2.1226286769552569e+00
1.5509256358122379e+00
-1.8616200033550907e+00
7.9304249486274381e-01
2.9907280368614581e-01
-7.3911624356820493e-01
-6.3102475425491977e-01
1.4137860028364853e+00
2.7176327092607817e+00
3.0109377447813608e+00
-1.8294141776270756e+00
1.2633495273974329e+00
-1.5064937511130719e-01
1.7791346984922111e+01
1.7230190092549439e+01
1.6595990439452361e+01
-6.8286308707622156e-01
-1.9997618185933583e+00
-4.1922565391636555e+00
7.6182324049963113e-02
-7.5623464691654041e-01
-9.7819984042844277e-01
3.1068092734571979e+00
1.9998180528443652e+00
3.4078137372182082e+00
-1.2173687447432560e+00
-4.7031037960321637e-01
-1.9962691672685347e+00
-2.5619941376455375e+00
-5.3967297293946705e+00
2.0098088328093283e+01
6.5780043840026181e-01
-1.1571959235784990e+00
1.5514858566682841e+00
1.5447473387959137e-01
3.9084066856925989e-02
8.1022336180800458e-01
7.3043893426765960e-01
1.7615009132523518e+00
3.2981025086215858e+00
-4.1697708517497317e-01
-2.1916402678173341e+00
-1.4927233783654852e+00
4.9964316297195452e+00
1.3747215893220844e+01
2.9218164232880151e+00
-4.9547079023629781e+00
-1.0610650448528713e+00
-8.0996090996954939e-01
6.3866916280803265e-01
1.0244500330000459e+00
1.2438202708738804e+00
2.7951703448614262e+00
2.0795059079161020e+00
3.4028699888680416e+00
-4.5259372977774281e-01
3.2415406321984159e+00
2.5600823174906107e+00
-2.1414647135185811e+00
7.6194685026406086e+00
-1.6809061778936421e+00
-4.0508974652163579e+00
-1.5898222537444682e+00
-1.0329033025133001e+00
-1.0332708836479145e+00
3.6301974618651295e-01
-2.4153373623027902e-01
5.0149916357455443e-02
1.7289790274941976e+00
5.9563835877465365e-01
2.5454911289512969e+00
2.0048568522560219e+00
2.3917764727080688e+00
1.5234576439077477e+01
1.9011373148530541e+01
3.7270709298012830e+00
-3.5308011749955219e+00
-1.6881160643425419e+00
-5.6435685107235312e-01
8.6030954625533396e-02
1.7393384025296585e-01
-4.3200271305789795e-02
3.3399937305985805e-01
1.7319827479327341e+00
3.1155288323727652e+00
-2.3802427960278467e+00
1.5797505738141497e+00
1.9853913115122175e+00
5.5383046876284023e+00
3.5951611958899967e+00
9.3545887586386733e+00
-4.0755132840440469e+00
1.2499071183943309e+00
-4.9648397455074154e+00
-8.5663047016712657e-01
-7.6957425703295179e-01
-7.1106189150204435e-01
2.2302525406098219e+00
2.0499887906086807e+00
5.9860778467328637e-02
-2.7559753163811025e+00
-1.4272610430059647e+00
-1.4874840995606682e+00
1.8476087320338365e+01
-2.0829076156001385e+00
-3.9907722687813059e+00
1.5116369939888863e+00
6.1114813568783610e-01
8.4462477330164931e-02
1.2020342886323204e-01
-6.8436393460787992e-01
-1.5484571765501925e-01
3.7214741961637160e-01
-2.0976904366653754e-02
3.4441833907559385e+00
1.3763053690240241e+00
1.4141727324435831e+00
1.1688027385680442e+00
8.0638612301112573e+00
3.3917322762482396e+00
1.9460819116276788e+01
4.9105229560716251e-01
-1.5414370871117000e+00
5.7641703645510667e-01
-2.7635523862342648e-01
-4.1179159596126398e-02
-9.7996020232657322e-01
5.3687341519693388e-01
2.3899162865718364e+00
1.1233509702514175e+00
-2.5413546039148383e+00
2.5778237207367560e+00
-3.1313310506941150e+00
6.1830972113002334e+00
1.8771158805862149e+00
-5.6696336283607653e+00
-3.4878617019274096e+00
-2.5786614902885918e+00
-2.2175069970584245e+00
7.2063002845406732e-01
8.5061391458822022e-01
-8.6978027236209410e-01
5.4072455104648043e-01
1.2332512038805756e+00
7.7512924190379112e-02
-7.0755482519911886e-02
1.1496946995244641e+00
2.2005177043612192e+00
1.4721927445762995e+01
-3.2362484756552576e+00
2.6903135261766375e+00
-2.1914650769897688e+00
9.9294702423380166e-01
-4.8073621743070456e+00
6.7651448848776596e-01
6.5428152225315495e-01
2.3637841004472018e-01
5.6391004710097625e-01
2.1396519532873457e+00
1.0054919057913903e+00
2.4730711399841137e+00
1.9582306658920789e+00
-2.5181019887211975e+00
1.8268486666609924e+01
1.3856789270360997e+01
1.8725005206026179e+01
-2.3834362269024645e+00
-5.4585674883173292e+00
8.8570671554423475e-01
-6.3870353388575107e-01
-8.8619635621185788e-01
-3.7342879751183045e-01
1.6011229383991394e+00
2.4906209988398836e-01
3.6587806361415804e+00
1.1743359840998262e+00
1.4022790926021536e+00
2.9459200811489943e+00
1.2418565299505369e+01
1.8915963763709854e+01
7.0743926644307393e+00
-8.8753506748598845e-02
-1.0243863479720181e+00
-4.9087083034984369e+00
-9.1616763211412322e-01
7.5245919429700681e-01
1.0589129753051836e+00
1.8976181928372515e+00
2.7761815162365855e-01
3.0117963244582451e+00
1.1349423404898624e+00
1.4244118735044982e+00
-1.5430611876426004e+00
1.9844936706239707e+01
1.8861896972900119e+01
2.8831274286209010e+00
-1.2225005457736013e+00
-1.7777936042865281e+00
-3.1639908540806005e-01
5.8475968028390568e-01
7.6237090774917371e-01
-4.1988997525596722e-01
2.5033188938808228e+00
1.9849781127193744e+00
1.3739780743598302e+00
2.9489020779233521e+00
-1.7652055868792713e+00
1.1383133642005623e+00
4.4320812466982309e+00
9.9142621191638824e-01
1.7407977428562631e+01
-4.6359857728468858e+00
-1.6095693125386483e+00
-2.0711610569405643e+00
1.0237876479821841e+00
8.0450296750869066e-01
6.4966564508935298e-01
5.7014626084252999e-02
1.3924512815711712e-01
1.9892304174078931e-01
-1.8844405987306316e+00
-2.8334307664183611e+00
-1.1324026223818437e+00
1.6704573990283215e+01
1.4693821251746515e+00
1.7265070797209489e+01
-4.7105999482542904e+00
-9.5513811924182523e-01
-3.1938352609600074e+00
4.5670588792836142e-01
6.8510562141353615e-01
2.8747465883489470e-01
2.6845420227157568e+00
7.5708418545992406e-01
2.6651807166924177e+00
-3.0144310271701431e+00
-2.3343398680801193e+00
2.7872317891235121e+00
1.0659583118186514e+01
1.0588334385526368e+01
2.4417261470720724e+00
-1.2621660583871124e+00
1.1177263833077326e-01
-2.9150694347436548e+00
-6.1625239806220455e-01
-9.0226007633925442e-01
7.3974373497838775e-01
6.4586208166650760e-01
1.3425059035706681e+00
1.9663168314509083e+00
1.8509590462090759e+00
-8.5834783607983978e-01
1.7463323371296896e-01
1.6194812157078683e+01
-5.7832574330011301e-02
1.7516492015375107e+01
-3.4432390988240322e+00
-3.8501568647391355e+00
-1.7435583011546605e+00
-8.9068143593752191e-01
-1.3872939295232206e-01
-8.5869877815263396e-01
2.8955876276312176e-01
2.8539198107028909e+00
9.7357140880545789e-01
-6.0638651828403356e-01
-2.9739157583885465e+00
5.1573673325977132e-01
2.1909094526926345e+00
5.5691524307086293e-01
8.9518525431398732e+00
-8.4905343846452053e-01
-4.7661382233240479e+00
1.1481780760249762e+00
-6.6074185323828438e-01
-4.7212159335742737e-01
8.0179527277201013e-01
1.7214775360411885e+00
2.7949001477853992e+00
1.3720168827455841e+00
1.5624022014732912e+00
3.1086841265784835e+00
-1.0640403347884335e+00
9.0312439946717884e+00
8.4592609666872747e+00
4.3807180175184763e+00
-5.1275392727209681e+00
-3.2871630337151760e+00
-7.6744144638402397e-03
5.5883214168251494e-01
-8.0961139535465587e-01
-7.9806370043179820e-01
2.1351570622465221e-01
-1.0899064199219426e-01
1.4754187751358363e+00
-9.4778101651870839e-01
-1.3896106480737516e+00
-1.3192090682712676e-01
1.7304679052451448e+01
3.8155852208171290e+00
1.6848585952049561e+01
-4.5899424818151635e+00
-4.8462462956002170e+00
-4.5345036679586892e+00
-7.0677072697336574e-01
-6.3968420430622686e-01
-3.4919682478186936e-01
1.0684121581778312e+00
6.9122014182323221e-01
8.1894733168458211e-01
-2.5048550399120524e+00
-1.2603780043638975e+00
-2.9283536331836024e-01
1.5354223517256813e+01
1.4642373447676503e+01
1.8116455126536891e+01
1.0049186830062542e+00
-4.8144078513904354e-01
-1.5503629028820163e+00
-3.5890311615423737e-01
-7.1167740981131034e-01
3.8167099937467980e-01
3.6303383753606537e+00
5.1140503116676339e-01
8.4470145035722932e-01
7.4984424645181136e-01
2.8675278691521409e+00
-1.1348987677650144e+00
9.7322334161451014e+00
-5.2399928078768614e+00
9.7375044181423505e+00
-1.0990186422043307e+00
-4.4459146372541989e+00
-2.8167926886204562e+00
-7.2382491339681376e-01
7.0662537371013923e-01
9.7738725268244653e-01
1.1994555515834993e+00
2.4766267211259949e+00
9.8340819000932289e-01
-1.2811602010316500e-01
-2.1079653984804252e+00
-5.6674121285217494e-01
1.1462438370976290e+01
1.2393259754813521e+01
8.4372505104170106e+00
-2.5203576216654433e+00
-2.9728241230941426e+00
-1.5465571406340646e+00
6.6932434024764387e-01
-9.3156133318204631e-02
-8.1125049350270068e-02
3.3758749318166970e-01
-4.5606028995444872e-02
9.6828716054020980e-01
1.2699338201054715e+00
-9.3542776735369682e-01
-2.9248007338563800e+00
-4.0249691733314794e+00
8.3007007933818251e+00
1.3908588425368162e+01
-7.1010247757159195e-02
-1.0381557172509845e-01
-2.3788687340121925e-01
6.7206308234864442e-01
-8.5612490599249735e-01
5.2319525179184667e-01
1.6286034608553877e+00
6.7061768423347490e-01
2.3704172892509079e-01
-2.0499141819388704e+00
2.2048428370050170e+00
2.2798911460195441e+00
2.9328822055268753e+00
-2.9585937902409043e+00
6.7873002991628928e+00
-5.1024355850022551e-01
-4.4515090085772817e+00
1.2895554059935050e+00
1.8611353477396936e-01
5.1881860544216918e-01
-1.0223156776791478e+00
2.9484449644045490e+00
2.7173013730437616e+00
3.1971047234625488e-01
-9.1482583736158876e-02
1.2153980301593001e+00
-2.3190031655079490e-01
9.8227090286028353e+00
9.4045153222242011e+00
1.5449556899552435e+01
-3.7208629058472136e+00
-5.4065119446222454e+00
1.0757982062473008e+00
4.5643719896661300e-01
1.1247563847742463e+00
-7.1812591679631743e-01
3.3753402707064848e+00
2.8929492487028372e+00
2.0640456215308896e+00
4.6620277904897317e-01
1.6629386505154076e+00
-1.5800149425606116e+00
1.4213191227590604e+01
1.8455901036751673e+01
3.1882769145015866e-01
-7.3633651706436976e-01
-4.2045120981627199e-01
-9.4549937961315256e-01
-1.0582335944568474e-01
-1.7360138159291047e-01
8.4566841304931373e-01
1.0722230223864289e+00
2.9688025529231772e+00
2.8716437790710492e+00
-2.2381243774477002e+00
3.5842643391661606e-02
-8.1715440857194799e-01
-4.4161022852615019e+00
8.6598137842484704e+00
1.8563418621945068e+01
6.6721237191105665e-01
-1.0235341239612437e+00
-3.0053574542491033e+00
1.2790438012752039e+00
-5.7277750564637941e-01
4.5344484767808280e-01
2.1693314779177655e+00
1.3385907507602086e+00
4.0364533065286112e-01
3.1880610351368817e+00
5.9034493115544029e-01
2.1452063998971758e+00
1.3906907075399217e+00
1.0558312848131020e+01
-1.5958987837914069e+00
-2.8395492155022861e-01
-1.4553546583403409e+00
-4.2845261433528021e+00
1.1841101144346629e+00
-4.7417462168668240e-01
1.1055088815097822e+00
7.1490142891824826e-01
1.2863926697289236e+00
1.9500441506638669e-01
-8.4638143803740795e-01
2.1680584405475862e+00
3.0574059839323429e+00
1.4578020400512899e+00
1.1149648451026065e+01
3.0714077569554119e+00
-2.7986809423708197e+00
-1.0511118448387953e+00
-5.3985158931624246e+00
1.0719366391329423e+00
8.0833292061461404e-01
6.7723671377264139e-01
2.9633584230808103e+00
1.3235622618520297e+00
2.2162148629139717e+00
-4.2244598885997586e-01
-1.2432681657144347e-01
1.5484225264588967e+00
1.3698350284509674e+01
8.4618523778832930e+00
1.4237867510649579e+01
2.2005021950589834e-01
1.5238813493527439e+00
-5.3386399932628308e+00
1.7360589090166784e-01
-9.0127604317378163e-01
8.1200570256224824e-01
3.6349554296143354e+00
1.1658652188457470e-01
3.4451625830787234e+00
3.2337037695867723e+00
-1.1332098062556575e+00
-1.7885663559164466e+00
6.3338528572482042e+00
-2.7256731242171539e+00
-3.0776480335971339e+00
-1.0612240923171201e+00
-4.5643496608728071e+00
-3.9906312941150102e+00
-6.7348872868235876e-01
-1.0097194832225593e+00
-8.5367785681045105e-01
2.2130263231483926e+00
3.4461646378187876e+00
1.2134916057705365e+00
6.5911727082231364e-01
-3.1046405321313078e+00
-2.8502975341270864e+00
2.6579803308183365e+00
-5.3810118697049205e+00
3.3167644476373848e-01
-3.1372401079853782e+00
-7.9964463348196579e-01
-3.8014051875128123e+00
-4.0184630186081910e-01
5.1988362973077828e-01
1.5487431854045397e-01
1.4314834635012905e+00
2.1603565190009744e+00
2.7245547638214642e+00
-4.7517946844006220e-01
-2.6695230861568708e-01
-4.7542511428258277e-01
6.9095211768303786e+00
1.7981140270776521e+01
1.5507478190458472e+00
1.5960289086938146e+00
-3.0092286310922565e+00
1.4173279052150363e+00
-2.7978277156290221e-01
1.0143664213467725e+00
-2.0408806480205013e-02
1.4384796774866466e+00
6.9186399029030221e-01
3.4057032294851203e-01
1.3263913970499881e+00
-1.4104848033636053e+00
-1.7828956156092215e+00
2.2157901183071425e+00
1.9858720310343141e+01
-1.6385432400874442e+00
1.0661543751956464e+00
-2.0363636755157337e-02
-5.2477157642175909e+00
-2.0373523997675450e-01
5.7777763093585133e-01
6.3809693853505078e-01
7.1683445905665200e-01
8.8767002727583288e-01
2.4289194317583016e+00
2.2047751656861475e-01
-7.3879219052577105e-01
1.8018116305446328e+00
1.5542777682847031e+01
-1.2885156891866820e+00
3.2934771595754214e-01
1.1533345886083013e+00
-4.7795325331620049e+00
-4.2459652554544007e+00
-8.7247895558795152e-01
6.3621647392644615e-02
-6.4688126253739742e-01
3.2791756449263527e+00
2.3921987026683814e-01
2.9673729895104296e-02
-3.0305109496649030e-01
-1.7148197000696981e+00
1.3065435496971340e+00
1.5494833159524738e+01
1.1368434942260647e+01
1.4691001021669512e+01
-1.8922747651346570e+00
9.5154596756297671e-01
-1.0397897545941051e+00
-8.6663568745134745e-01
-1.7337932906663545e-01
-9.7905654018000976e-01
1.7736661322227674e+00
1.5082744322040118e+00
3.6670619846792980e+00
-1.9713753829348455e+00
1.6694921085775422e-01
-2.5148617430991069e+00
1.6563643193121788e+01
1.0051655140126075e+01
-3.8089509157240080e+00
1.0314283148037662e+00
-4.3221160994945135e-01
-1.1157750342280968e+00
-2.8735669461169705e-01
1.1329362549673765e+00
-8.1094878391934366e-01
