tensor
4 
3 5 7 11 
8.1650445804080640e-01
9.0790088657534485e-01
1.2628922685319530e-01
9.1775674775011518e-01
6.3004263839442931e-01
8.2477401530733616e-02
2.7826266421469309e-01
5.4692288749071893e-01
9.5797189464596333e-01
9.6818756956970076e-01
1.4684490702716668e-01
9.7399121569575420e-01
9.5776408567327909e-01
4.8234298428834488e-01
7.9967057508327677e-01
1.4124244180974649e-01
4.2212595638405487e-01
9.1788030787285813e-01
7.9370039849208107e-01
9.6497241924089994e-01
6.5398134403750008e-01
3.5225612202282236e-02
8.4948253910664917e-01
9.3443404520711604e-01
6.7704781265039715e-01
7.5742949257061587e-01
7.4256728374131020e-01
3.8847770121419473e-01
6.5375393455959019e-01
1.6573676032582912e-01
7.0743522393757041e-01
3.0792355594087984e-02
2.7676571258406008e-01
2.9884103853469533e-02
8.2059038992551445e-02
8.2569569379738283e-01
6.9502264586639007e-01
3.1690375491596834e-01
9.5067959147017034e-01
2.1531654604045630e-02
4.3287504874869864e-01
3.7469265107215594e-01
7.6463943440238635e-01
7.9455091917048559e-01
1.8154335917936432e-01
4.9037412877846825e-01
4.4603673106946867e-01
6.4748688908665553e-01
7.0888350550478130e-01
7.5528551723848014e-01
2.6521591813894901e-01
6.7988109250849105e-01
6.5525103206431867e-01
1.6225660668837630e-01
1.0755661278922964e-01
4.9353364628337004e-01
9.6295334587047088e-01
3.3623755906318442e-01
5.8300362241998416e-01
2.1876689280095518e-01
7.5281915565291047e-01
2.5485918314030531e-01
5.0662513727537206e-01
6.9835019970116041e-01
8.9474855213992766e-01
9.6476662757026921e-01
5.4725724288812250e-01
1.3824456378291497e-01
1.4892513556883333e-01
2.4848080658804614e-01
8.4185253902052803e-01
2.4519851534096884e-01
8.1378267702641072e-01
2.3863158737994478e-01
9.2964608192080445e-01
3.5008977889137194e-01
1.9614850523389138e-01
2.5083347050002630e-01
6.1333924139174911e-01
4.6718109898357502e-01
3.4265295180503319e-01
8.3116297815036022e-01
5.8534506329824443e-01
5.4976790909785878e-01
9.1966158941097553e-01
2.7730525009898166e-01
7.5688018302951110e-01
7.5276105002267168e-01
3.7660588831893071e-01
5.6542328772423867e-01
7.4972436532873887e-02
5.2989330730971007e-02
5.3155515502382156e-01
7.8034951292524568e-01
9.3888336794347038e-01
1.1561458272104846e-01
5.6888766947247360e-01
4.6935205279811787e-01
1.1391435926788460e-02
3.2948252043927501e-01
1.5149375477273910e-01
7.9461070867995742e-01
3.0684244511146241e-01
5.2583251010288756e-01
1.6015619484552293e-01
6.0299606684271312e-01
2.6276373515631268e-01
6.5528096369523692e-01
6.8825293283361255e-01
7.4859467658881385e-01
4.4389171088937895e-01
8.3384952117924835e-02
2.2869031710696935e-01
9.1375684581921957e-01
1.4151862053514552e-01
8.2669261515861370e-01
5.3420867439475572e-01
9.9703165881939282e-01
7.2010005030421029e-02
4.3931710622304715e-01
1.0588190401070217e-01
9.6420921710611207e-01
3.4957191101957943e-03
7.7599129558199731e-01
8.1939440268913633e-01
8.7201070624632326e-01
8.4000053651042822e-02
3.9967223800324586e-01
2.5961562766730845e-01
8.0049543647810018e-01
4.2541677808920297e-01
9.1300145123017884e-01
1.7647911785269124e-01
2.5906554681345378e-01
1.3989172815742754e-01
1.3540369666452870e-01
8.7126962498982241e-01
5.8063843308080165e-01
5.4557738530353339e-01
1.3102182714802532e-01
8.5597380661605693e-01
6.2217406531811070e-01
3.5079158580729414e-01
5.1325620604382594e-01
3.9529508749686237e-01
6.3775784776365377e-02
2.3058215420253131e-01
1.1750072913150969e-01
1.7855573261894694e-01
2.3503165915746824e-01
4.1761554728183059e-01
4.8678162244584100e-02
9.0481397521888629e-01
9.4991671106394937e-01
4.8517521524121771e-01
4.8352535521300688e-01
3.3754496070791207e-01
9.0045962455446005e-01
3.6910486254154606e-01
9.9625855741495226e-02
7.8033371293803122e-01
3.8301557845993001e-01
2.3678379683663159e-01
4.0025272865543798e-01
9.0429633829781003e-02
1.3129367266772898e-01
9.4429020367328875e-01
9.5842490671347513e-01
5.7152990956001837e-01
4.3816580744350193e-02
2.2298775404010193e-01
3.5300005252577926e-01
8.2151844930319640e-01
1.4896416854627021e-02
3.0258847164128345e-02
1.5842010424727634e-01
6.4691199389401266e-01
7.3058502926829005e-01
6.4596252070028837e-01
4.4762598046499319e-01
5.4782491424957125e-01
2.9623343613417880e-01
7.4622121213536929e-01
1.7607070591180318e-01
6.8575573244357924e-01
1.7049710252558639e-01
3.6834189147522828e-01
6.2574117137606455e-01
7.8050957414286704e-01
6.9024761646211866e-02
9.3206635406018001e-01
7.7571522191775877e-01
4.8376986206572414e-01
4.3244495671987870e-01
4.4345417204213833e-01
3.0629824231919434e-01
5.0918593607109786e-01
5.1145699958714608e-01
8.1972662390788487e-01
7.9638702597470257e-01
6.4228653974559868e-01
3.7847712458999688e-01
8.1189494791304428e-01
5.3285245391177860e-01
3.4332404463645594e-01
9.4184950193739703e-01
8.7769191878284980e-01
5.4762207910158633e-01
6.2049721802780711e-01
5.8479424724814355e-01
2.0733571754416627e-01
3.0117671065938645e-01
4.7146518501944445e-01
2.1859371505917696e-01
8.4704360146810120e-01
1.8201843351840810e-01
2.2563197696236073e-01
1.7036127256858472e-01
2.2737629176817531e-01
4.2977630066139161e-01
3.0300874396037547e-01
9.2595536168333614e-01
4.2675028107811486e-01
1.7947125439578523e-01
9.0507583555899862e-01
9.8212384078283377e-01
4.3929630056953495e-01
1.1036445279277154e-01
2.4682748533569612e-01
4.0107321612401137e-01
5.9168660231774506e-01
2.6195938844124378e-01
6.0294219986867059e-01
7.1142671190159468e-01
2.1209612275714168e-01
1.0594904920174907e-01
2.8833094251409386e-01
3.1446389414280279e-01
4.2066317489630439e-01
5.0499859398416691e-01
8.4668760724986969e-02
2.6227292295137833e-01
8.0274599178779449e-01
1.2528993062202167e-02
9.3360392670018377e-01
7.3034922322411289e-01
4.8859021538075137e-01
5.7859907971089763e-01
2.3700549907922144e-01
4.5332984845068980e-01
9.6635620776032483e-01
5.4281943514078879e-01
5.1837829305314020e-01
2.2660921552145399e-01
4.8589217728872119e-01
6.2515377546789996e-01
6.8042770066417746e-01
3.9578530785907973e-01
3.5880611161618481e-01
9.9414099119276933e-01
2.1250606190482073e-02
8.8555842685137198e-01
9.1370625981499909e-01
7.9648247673004935e-01
8.6917725829083414e-02
2.5291976273273931e-01
3.2768594591104377e-01
6.7819056748601159e-01
1.3083675110670639e-01
7.2000939809810982e-01
1.0599138856438005e-01
6.5495805441419930e-01
4.9479956005931564e-01
7.8023125316669084e-01
7.1469094034029523e-01
9.0787133645717666e-01
8.9131886057704413e-01
3.3398493410789015e-01
6.9894389707567428e-01
1.8774210193963189e-01
1.7558471341749919e-02
7.4352548722028422e-01
4.9710245855443147e-01
4.7684751927828339e-01
9.0491588372709897e-01
6.1090918756649149e-01
6.1873703624827348e-01
8.6138422742360810e-01
8.0729904707688793e-01
5.7307888769600168e-01
1.6989438597805373e-01
2.3965666257713591e-01
8.8690373841196446e-01
2.8180824640369109e-02
4.8492351635031899e-01
1.5733869914521645e-01
9.8222001902467726e-01
7.1141072098724467e-01
4.9755510302318051e-01
4.6794578867710307e-01
5.8678507815494441e-02
6.8327428520026889e-01
4.1428839220182430e-02
5.5760537577997628e-02
5.1669468536694285e-01
8.1647708456096493e-02
8.1846982057476669e-01
8.1786773819484870e-01
7.2266210477504800e-01
1.3896226104698409e-01
6.5758456186925673e-01
5.1411707096166226e-01
9.7369331054469654e-01
6.4721763295745638e-01
7.9972106704897450e-01
4.5427783046385589e-01
4.3279448510859408e-01
8.2713273006699228e-01
6.8071465484369362e-02
1.1895719216747674e-01
1.6013330824764610e-01
3.9081826494879385e-01
8.3171466174390440e-01
8.0367040374084697e-01
4.8010254614516752e-02
3.9270038465149304e-01
5.2254225788717024e-01
4.1323920167494482e-01
6.5514656800003113e-01
6.2603779306136520e-01
2.9188108245862621e-01
4.3205148367293822e-01
1.4387730640914212e-02
9.9012932764571138e-01
1.5376485826349395e-01
9.1360116080369008e-02
3.7227108507739876e-01
1.9779991048403853e-01
4.8966999257922222e-01
3.3189460135609983e-01
9.5469847013937992e-01
9.2285465330781724e-01
4.6315296928629159e-02
7.3676794519232469e-01
2.6442296010956967e-01
4.2320416028153496e-01
5.4869002955418478e-01
9.4497907069479914e-01
4.1031255045584841e-01
9.8909396831662433e-01
2.9125186275206116e-01
7.0129924843260460e-01
6.6650347819293010e-01
5.3915983151781988e-01
6.9675571700823002e-01
6.6462785344643172e-01
1.6772184085726849e-01
1.2223231932703683e-01
1.0000000000000000e+00
1.6567063400153284e-01
3.1563097255148394e-02
5.6206695367232207e-01
8.8388923111738782e-01
6.6773613782712382e-01
1.7758418940349371e-01
3.6032127969421424e-01
4.6067840859594544e-01
9.8212790912137826e-01
1.5604341944488134e-01
8.5691608355321014e-01
6.4248523837107163e-01
3.6931428856370629e-01
1.8562561757575657e-01
4.2478084625144230e-01
4.7896359523377613e-01
1.1989104987403809e-01
5.9047665659439763e-01
2.2584757523221732e-01
3.7639809925711587e-01
5.7949306608906426e-01
2.4041975063414389e-01
2.9021743206445816e-01
6.1720469602273176e-01
2.6503171728954628e-01
8.2522679919722319e-01
9.8627217066799577e-01
7.2945910290189353e-01
3.3975569721380516e-01
5.8179598450028780e-01
1.0183117374521708e-01
9.0841896040109071e-01
8.8166848108342044e-01
8.1955227483725535e-01
2.4955426327270999e-01
5.9113391330495801e-01
5.6614432580497391e-03
4.2517519642700574e-01
3.1251864169721078e-01
1.6112845295510189e-01
1.6836661633642533e-01
4.1674003232737122e-01
8.2356668424361873e-02
5.9636152672174347e-01
4.6778040782398794e-01
6.9453673105419200e-01
7.0125479372842536e-01
6.3967659275670641e-01
3.2569727305238098e-02
5.3058267810665020e-02
3.0982909589076607e-01
5.2612873230575974e-01
6.5459806279603694e-01
4.0751687184308916e-01
8.2030438047935261e-01
7.1736206682458614e-01
9.7201389847792430e-01
5.2707801831790146e-01
3.2088026249368840e-01
9.9674898845090454e-02
6.0889218729669026e-01
7.8045356525640242e-01
4.2382368878116794e-01
8.9995375739487432e-02
2.5543464025952789e-01
1.3993114030676670e-01
2.7031483793133293e-01
4.4001631277331865e-01
5.2716374320449622e-01
4.5737343039955025e-01
8.7711075220220125e-01
5.1356477763517727e-01
9.4655108898653084e-01
6.3584843540855951e-01
9.5829513176611669e-01
2.3579197391473555e-01
6.7740360501891383e-01
2.8895105329334647e-01
6.7307391993617172e-01
6.9432016416264275e-01
5.2225552964789382e-02
2.4347490356882920e-01
2.2374828518897849e-01
6.6799889503099152e-01
8.4474050188527117e-01
3.3695018672785487e-01
7.8060596015053618e-01
6.7358542288130541e-01
0.0000000000000000e+00
6.0003640293103799e-01
3.8297990093816259e-01
9.1813694833608239e-01
0.0000000000000000e+00
4.6296045775521499e-01
4.1707490210099912e-01
4.5451374137920364e-01
7.7112733466862649e-01
3.2228162531007865e-01
7.8502608917385341e-01
4.7132059453527225e-01
2.2871250752949386e-02
1.6542445460119504e-01
7.2082038798469394e-01
4.7036185356152144e-01
1.4712920577031313e-01
3.3698212414063189e-01
6.0842282511167556e-01
1.9128103259339560e-01
7.3993266470298991e-01
2.3124976466525635e-01
9.2190172166570405e-01
2.5808646620405779e-01
7.6576695958543861e-01
1.8833372741457108e-01
2.8727190473582487e-01
7.9186497421714450e-02
5.7273547169043804e-01
6.8175654801779384e-01
5.4403143652626607e-01
4.2223727518274684e-01
6.4263392543825426e-01
6.4879621053858572e-01
6.8030848582600423e-01
6.3692265641876700e-01
9.5031285603890703e-01
1.9652679661224579e-01
7.0879839615506812e-01
2.3595140979342150e-01
1.1899652873818894e-01
6.0740765396251439e-01
4.4446692108942776e-01
4.5320436474907960e-01
6.5996482789507493e-01
7.6944485001871332e-01
3.4614549210994561e-01
6.6033589548334914e-01
4.1650307359953292e-01
8.4380796324303464e-01
8.3476315235559440e-01
2.4516508374622287e-01
6.1069371875067979e-01
5.7873827766655128e-01
5.4077436779112786e-01
8.7031573952677921e-01
2.6452931610248104e-01
3.1010201996160497e-01
1.0777725117841006e-01
9.4269183703068482e-01
6.4375155196809153e-01
4.7638507233590627e-01
6.3746866872754804e-01
5.4552387011328207e-01
6.4848895740285417e-01
5.4469070192279045e-01
7.2084370859207825e-01
5.1756029869889231e-01
1.0000000000000000e+00
2.1837935270900335e-01
1.0538452354517010e-01
1.0928773807704277e-01
5.1184817440323389e-02
3.9811535253330982e-01
4.4267138386385596e-01
3.6186366247332125e-01
7.6261180632493430e-01
6.2596022123074302e-01
7.7360712542289600e-01
9.3506004035890478e-01
9.7509106378382393e-01
1.7921728742009105e-01
1.2479631226177269e-01
6.9547283390228753e-01
9.3393917689760547e-02
5.2542361165343165e-01
5.3036852318052241e-01
8.6263096844374987e-01
4.7978749631710738e-01
3.8679788257377024e-01
6.6982992293410015e-01
7.4019395040372593e-01
5.1728659460972948e-01
3.4781049995986790e-01
1.4938258589157161e-01
5.8704893117101409e-01
2.5100536105519211e-01
2.8125876942046223e-02
7.5553797938036493e-01
2.4251295396675221e-01
4.4233587767726501e-01
6.8798285170582518e-01
3.5197328782070625e-01
7.3565652880150711e-01
3.8807079797281274e-01
6.8190685664543516e-01
7.0269715224620333e-01
4.3894138120065002e-01
1.8492969269828081e-02
3.3089497017477026e-01
4.2468335345606323e-01
2.5932411328780935e-01
1.8436250815269831e-01
8.2391766082109086e-01
4.2984209602744472e-01
8.8816405867395520e-01
3.9106371108111337e-01
7.6900195192384135e-01
3.9019115525592712e-01
8.0908822153706461e-01
7.5411942584136393e-01
3.7353211819101317e-01
2.1091391239754889e-01
7.9210036163970943e-01
9.5156966315822011e-01
3.2759065922139546e-01
6.6987499267979367e-01
4.3171156163222602e-01
8.3597781142398764e-01
7.6912465635722160e-01
1.6690320649565638e-01
8.6234697202182875e-01
9.9360654099209900e-01
5.0987289456930163e-01
8.8617542823976769e-01
5.8578314820447586e-01
1.4917598095198964e-01
1.9463351980581042e-01
4.0726615368996710e-01
7.5024858439314668e-01
8.2740372350931968e-01
7.9140261024012570e-01
3.0872797384427325e-01
5.2940484127638510e-01
8.9520577219415406e-02
1.1129808992779514e-01
1.3591026380055105e-01
6.7696351888599238e-01
4.9029107762839280e-01
1.7950154450936096e-01
4.9204725185797943e-01
1.4197688979073306e-01
4.8630119639209012e-02
8.5262313755427699e-01
5.6142438102705494e-01
9.3180364406978944e-01
6.9588325119727290e-01
5.7929299110897714e-01
8.1744296738903588e-01
8.7939797332620406e-01
9.8940907933470856e-01
0.0000000000000000e+00
8.6700465661068049e-01
6.0972610234105151e-01
9.9368595316885844e-01
5.2497288073403714e-01
4.7644569544983534e-01
8.0074592190289273e-01
2.2750879614416536e-01
4.9873404219139550e-01
9.0294363800151745e-01
5.7096948794120395e-01
8.4793371414943275e-01
7.3885669189292058e-01
5.8606875391991031e-01
2.4646619695776925e-01
6.6658092375539324e-01
7.1422879155471408e-02
6.2335280375891799e-01
6.5894720501902537e-01
7.2859933833630985e-01
8.9083828061776160e-01
9.8309375026551038e-01
7.7064518975960006e-01
5.8238661078562959e-01
9.3050317000518490e-01
5.7652802801180603e-01
0.0000000000000000e+00
1.0635233585293048e-01
8.6307796549479288e-01
4.8427330310924716e-01
8.4520449820097254e-01
1.9953941287092850e-01
5.4840064786866494e-01
6.2734477449044035e-01
2.5470164098084860e-02
6.1267583551742788e-01
3.5843275319183071e-01
4.8555871851858542e-02
4.9017902159470811e-01
1.9204893049050076e-01
1.0862952133960539e-01
1.9300404128857074e-01
1.3261912186756605e-01
1.8874434834537790e-01
4.2173506117429725e-02
6.3533041166611726e-01
2.7326387008313524e-01
5.3446734749733282e-01
6.9376196196263340e-01
4.9618906274327812e-01
5.3315634725529615e-01
4.4184127355819569e-01
1.2322368067775720e-01
4.9096916305235494e-01
8.5491685467361722e-01
8.7736811826490213e-01
2.5934859197091870e-01
1.9604194644294792e-01
5.6503961293396709e-01
6.4044959659578260e-01
4.1693633560663607e-01
1.9605008230651549e-01
9.5093669845575757e-01
6.9986674647906644e-02
9.9755739308222943e-02
1.3636695834271603e-01
1.6097415125353920e-01
6.2204115471848531e-01
5.7462200733066193e-01
5.1110355499558044e-02
9.3600711397898562e-01
7.2864026027030837e-01
7.3803901966403906e-01
6.2947008295727705e-02
8.6080546744403774e-01
9.3484634138723488e-01
9.8803731497089142e-01
8.6039162021752968e-01
7.8573310983402778e-01
5.1056019025072796e-01
1.7220189379408857e-01
3.9488912915242430e-01
1.3325868684072348e-01
2.9845658649689678e-02
9.4137083637294972e-01
2.9109943025482032e-01
2.8518962995545982e-01
3.2348349391406761e-01
4.6702720241700718e-01
6.4834431542213211e-01
2.4731298051626074e-02
8.4336784829323430e-01
5.5525932041487436e-01
8.5546843293959496e-01
3.4378867891696208e-01
4.4269124578684776e-01
4.7889804930905569e-02
1.7659056173509999e-01
6.6404138328477669e-01
3.3086598107261384e-01
9.0251216116885746e-01
1.0358350959340303e-01
9.9458730627893233e-01
5.4001634837214463e-01
7.0712391566081989e-01
1.0000000000000000e+00
2.7935060710558268e-01
4.0823114972939933e-01
4.5942536027037079e-01
7.6306772486948982e-01
8.1773204295644253e-01
9.4225630989840076e-02
1.7760361942672695e-01
3.5977570571988360e-01
5.5753827632737153e-02
5.1693613715451769e-01
3.2646560528022661e-01
1.6246807422023299e-01
2.0863935474838197e-01
9.0556459912064458e-01
6.7556514430475356e-01
4.6311684290142380e-01
9.1451220586970450e-01
9.2309365038400107e-02
7.4451507206753653e-01
7.3516506742918519e-01
5.5941721640931119e-01
1.8370266293747703e-01
5.9820828425151307e-01
2.9986265206949692e-01
1.1993180472638287e-01
2.0028079428239934e-01
8.9888322321746805e-01
7.1003624789776926e-02
2.4221384677620003e-01
5.3286942648152445e-02
4.3590463413579844e-01
0.0000000000000000e+00
8.9931072549373259e-01
1.9140423297077799e-01
8.7321898104215950e-02
3.0296469635475748e-01
4.5654593267255461e-01
1.0088056912359904e-01
9.9782155598739353e-01
3.2261994353328582e-01
2.8704582035130505e-01
4.6136257276011450e-02
2.9802879127483062e-01
4.5876176651593444e-02
5.0542673836949314e-01
7.6117947496525618e-01
6.2855206602945601e-01
7.7943393764078883e-02
7.4717571459432058e-02
7.7645338133682373e-01
9.0533156356543421e-01
5.3454027246578539e-01
1.0839236018668941e-01
8.2762957655099956e-01
3.2876794396890152e-01
2.8359165023248456e-01
7.4671270227946351e-01
9.8243695069896633e-03
4.7974413775585464e-02
6.6808237563897444e-01
6.0046907068112976e-01
5.2175541687831395e-01
7.2891036049743074e-01
7.0592787352442965e-01
7.8062172152921327e-01
2.8342559289789732e-01
6.9387242224915102e-01
5.5752067155685381e-01
3.9679450851656706e-01
4.5670869569068802e-02
7.8138184527113141e-01
3.2824184246260135e-01
6.0797020038751171e-01
7.4149597502123166e-01
1.0439847589463989e-01
1.1660223621282580e-01
5.4560147160359240e-01
4.8017012465970760e-01
8.9055971666349532e-01
7.9834022791373349e-01
7.3322387467801642e-01
5.0361662990163258e-02
7.1992746874433772e-02
8.7691276279286495e-02
7.9999035257400486e-01
9.4809526061717653e-01
6.8262294548748537e-01
1.3169632703833536e-01
7.2294734607894562e-01
1.0994443108596988e-01
1.0602556092081102e-01
6.3836811004290683e-01
3.2102931194147866e-01
6.5207525035897373e-01
7.4812804623648010e-01
5.8090558454467722e-01
7.4154393832629817e-01
2.3451794298296999e-01
7.3645086429485451e-01
9.7634321079325648e-01
8.7020424117313488e-01
7.0902072242490288e-02
3.6629179815962365e-01
3.6905683624799457e-01
6.8521238357272851e-01
5.9484642263987308e-01
7.8960436758765051e-01
3.6054480092600211e-01
2.0084598814960905e-01
8.0566350683534002e-02
7.7110593456101861e-01
2.0526049475763122e-01
3.8851561991441286e-01
5.5261174201938768e-01
2.1702222523684639e-01
6.3985236650146005e-01
4.7863935127626633e-01
1.5147928783192052e-01
7.8221586434709400e-01
1.0018721550476690e-01
2.8567593042560746e-01
2.2799470487916740e-01
5.2660832428863336e-01
8.5435711807893000e-02
4.0166679926325333e-01
9.8885918832899794e-02
1.1153338881568058e-01
7.8609948703054155e-01
2.9146582935134691e-01
6.0052982231376995e-01
9.7002016302990268e-01
4.2540476133665084e-01
6.9494613864829569e-01
7.5835858202932593e-01
4.3256582028438140e-01
6.5340577836681690e-01
9.8152924139876585e-02
9.3651644864352812e-01
1.8213608647186980e-01
2.6145974873820149e-01
7.9720151533350248e-01
4.8820572231053988e-01
7.7057411326767211e-01
3.9627860870747555e-01
2.6205607954847915e-01
2.0734356601102271e-02
6.7195393050462993e-01
4.2948477758817089e-01
4.5168243359172183e-01
6.0996351703640117e-01
4.6923763879193607e-02
3.0779995515010938e-01
7.7267256226917480e-01
6.9502412799511537e-01
1.1952946463791823e-01
1.2438581173760938e-01
9.1529938838658356e-02
6.6932700158556782e-03
4.2347891700796403e-01
6.5380982719589531e-01
7.2276432133111856e-01
5.2648196792378077e-01
1.0840730431516356e-01
6.3189532760376088e-01
1.2610747591638846e-01
1.2312894425401577e-01
8.6797480430848950e-02
1.3098748225343440e-01
1.6277878711830354e-01
1.9099181508270199e-01
3.1315537694279472e-01
3.1641409250925695e-01
2.1719212571384877e-01
2.5079130714344566e-01
8.9681582757730938e-01
7.0259552563172833e-01
5.5159521102462306e-01
1.8410105553192965e-01
2.1172670559068515e-01
7.6903701650663486e-02
9.1620920710106124e-01
7.0551544313533932e-01
5.5399407216139551e-01
3.0907342636565804e-01
1.6071529694746520e-01
6.2051956190014268e-01
9.9033969812076683e-01
1.6989099481691097e-01
2.5756603777660969e-01
3.8886858541608865e-01
5.8370600417188459e-02
6.8301250840923577e-01
4.0228061019386480e-01
9.8332639489008877e-01
4.0207605187062007e-01
6.1797282236585926e-01
1.4354511499653846e-01
3.7447568238150758e-01
1.5560670218461109e-01
7.5717811097665755e-01
8.7104617507413706e-01
3.5088561540870039e-01
6.8685093249342144e-01
2.9405343655315475e-01
5.2588815523998855e-01
8.3487492887364567e-01
5.9434254607503334e-01
3.3513439689044844e-01
2.9901085498751012e-01
4.5253662071417916e-01
4.1649581369342853e-01
3.5235798411888369e-01
5.5453354487305406e-01
7.4149127764055101e-01
4.2083249152704316e-01
4.2589212638266866e-01
1.2416755096171793e-01
2.3366862492401694e-02
2.9007578533350048e-01
3.0770039094693991e-01
6.5188190750408614e-01
9.6235498752065729e-01
9.3617346314863714e-01
4.5783587523368802e-01
2.4020361261212828e-01
7.6369460949498735e-01
7.5904440385291283e-01
7.4003958853379359e-01
7.4264304709305606e-01
9.9968352745759159e-02
6.8003714505014745e-01
4.6377480117572834e-01
2.1177256147537102e-01
9.7718559334317140e-02
8.2581511942521901e-01
1.6179306894167991e-01
1.5008059468868060e-01
6.6615148019582826e-01
8.9478930878323815e-01
5.1656828847442737e-01
7.0143260526053408e-01
1.4275210416951889e-01
9.5655690482446953e-01
5.3827847981571908e-01
6.7819656007205287e-01
3.0077341815226522e-02
8.1096473140278613e-01
7.5016142498971861e-01
1.1946492447223039e-01
5.2017092875105597e-01
3.1621156253759991e-01
5.4208533430998218e-01
3.9876941069355065e-01
4.1499877342438724e-01
1.8040133452218229e-01
2.4632232443607088e-01
7.3789541974560620e-03
9.2625648964596718e-01
6.5196225405375241e-01
9.3302180414980640e-01
1.5800339743824021e-01
9.2326136036214879e-01
7.9636634696755959e-01
5.7831971658891124e-01
4.3313531744059880e-01
2.4636577837639234e-01
7.5247991953875004e-01
2.2838251322518199e-01
6.3730402482486140e-02
7.6759834144706018e-01
6.6938357710352514e-01
7.1416081019682165e-01
6.3973441636097717e-01
4.1550532906940379e-01
3.8700149315441507e-01
8.1565222770193258e-01
3.1741655657416917e-01
8.1631988178892523e-01
7.9076185241649122e-01
8.5518829382442418e-01
5.0029981554311920e-01
6.3342348135515270e-01
9.5135265177039485e-01
4.4389933123210629e-01
5.9557833973127965e-02
8.6833881280915315e-01
6.2867287010708339e-01
3.4774633388064408e-01
9.9790689616588890e-01
2.1912921862143822e-01
6.5070383004806220e-01
6.0601560964467460e-01
3.8748572228849604e-01
1.4154434652459441e-01
8.3463360050224835e-03
4.1376097337673090e-01
1.7110027710317227e-01
7.2600122168998005e-01
3.7022191934870796e-01
8.4190551064414099e-01
7.3350937113276315e-01
5.6746163843945052e-01
1.6642218475630136e-01
9.5798283012232888e-01
2.6059635407468068e-01
9.2492732665632360e-01
2.2342158916995028e-01
3.7375479470173290e-01
8.6660464838660314e-02
6.3798482103889687e-01
1.6753385513762714e-01
2.8737120865494858e-02
7.2339674882952376e-01
3.4727322392680121e-01
6.6077554701622332e-01
3.7704305055260662e-01
6.2476368532519633e-01
8.5124069153476988e-03
9.1080862478672586e-01
7.9995090275249181e-01
7.4481880165954240e-01
8.1488778024109876e-01
3.8353241425763185e-01
6.1834848379802532e-01
5.7182299676030779e-01
5.2529679016611230e-01
2.6423782868875229e-01
2.4836258534606956e-01
4.5158186547784673e-01
2.2742487005048939e-01
8.0495288295006018e-01
9.8977297136776843e-01
1.6999908755277449e-02
5.3301842917799491e-01
8.0980182763535052e-02
8.0149547975061519e-01
9.9155423391152631e-01
6.6032303965454328e-02
9.4162841708496114e-01
1.2230662191922757e-03
6.8274891928307946e-01
7.8502766233844490e-01
5.3416578671975101e-01
8.8575006711424731e-01
8.9940959471916315e-01
6.2333025853374879e-01
1.2675676638615074e-01
2.0808223626007105e-01
1.7677542774244470e-01
3.5374632125114699e-02
1.0099745165055528e-01
6.1750972482904254e-01
9.4189201185323523e-01
3.5457785925825075e-01
4.0302796328971002e-01
9.9042182919395805e-01
9.5072758618338649e-01
6.7681993878805879e-01
9.8879909682572642e-01
7.6709970391382021e-01
3.2905176280749943e-01
6.6040955323953510e-01
2.3490533087146059e-01
2.9101380349279743e-01
6.7864445271639784e-01
5.2514092481745156e-01
4.1192154611162307e-01
6.0365470846697078e-01
7.5206946033430233e-01
5.8005288934500643e-01
5.4755575143153146e-01
5.8009122625950404e-01
5.1182511102653216e-01
8.2155033374478367e-02
7.1978968650745934e-01
1.0000000000000000e+00
3.4719758854848115e-01
9.7466885510920376e-01
3.4234724062465227e-01
8.8659764917279194e-01
4.5142615303785305e-01
4.1376193000536909e-01
2.1736149279600048e-01
1.2495219703917824e-01
2.9888929413433379e-01
7.2602206303903905e-01
7.8414265372577963e-01
6.9398056374584394e-01
9.2894520576812262e-03
8.4356046704145482e-01
9.2488946161077867e-01
7.7087384529414082e-01
2.9888559491379373e-02
3.7432879295385668e-01
7.0299159443775161e-01
7.2835869120222529e-01
2.2393008098284939e-01
2.6886910498749034e-01
6.7430132678519739e-01
4.7148462667760771e-01
6.2119381924383044e-01
2.2469245589400647e-01
1.7678359976657856e-01
8.2997651299645669e-01
7.6719007778583470e-01
9.3724739231388599e-01
9.6254259909612200e-02
1.7188825052793633e-01
9.3090708172392220e-02
4.8676489844784687e-01
1.8796511468052302e-01
8.9796484587527003e-01
9.8291528693465469e-02
4.3169523771378497e-02
5.5318953733890563e-01
7.7351833162610795e-01
3.0198686427482507e-01
1.7864424244982843e-01
3.3878250473927202e-01
2.0983955491142883e-01
5.0552753445875676e-01
9.0864354176180950e-01
6.2636860920850834e-01
9.5548076370762708e-02
3.8709487665208786e-01
4.8269837229462147e-02
5.0193415486718096e-01
4.3212173756966726e-01
1.0000000000000000e+00
8.1355789906575604e-01
4.7983856443686856e-01
8.9837753169795920e-01
1.3716560357739424e-01
3.8988441449908129e-01
9.2779017424275212e-01
9.1996698859636317e-01
7.1249375520581437e-01
6.1559757776209068e-01
3.3916205089830326e-01
9.3646182305865600e-01
1.1896703004636820e-01
