tensor
4 
3 5 7 11 
1.1691135555415528e+00
1.4812885882084972e+00
-1.1883960955252892e+00
1.4222733993969749e+00
4.4370213411894766e-01
-1.4186730127236038e+00
-7.1496379059236770e-01
2.3392728423531595e-01
1.6857266218903659e+00
1.5128606724054818e+00
-1.2416435466980928e+00
1.5323241295829182e+00
1.8037179955249727e+00
3.2433343884353115e-02
1.2147062583170272e+00
-1.1373216668809230e+00
-1.7793165849886552e-01
1.5153744515130041e+00
1.0003337909048196e+00
1.5828630190550417e+00
5.2512229638599206e-01
-1.5733554300203969e+00
1.3025490158802062e+00
1.6025924125131450e+00
5.3647684948251106e-01
8.0604969231217427e-01
7.5620689369412386e-01
-3.1728217094410377e-01
6.7106209732868183e-01
-1.1471519616164940e+00
7.9657501913397899e-01
-1.5145766627849504e+00
-6.7442632009923931e-01
-1.5975529778683064e+00
-1.4200959445334156e+00
1.1091559709500354e+00
7.5700635114440384e-01
-5.7848587941913221e-01
1.6599706639965235e+00
-1.6619016171124041e+00
-2.8239563703292014e-01
-4.7751962996114500e-01
1.0841901292752825e+00
1.1956318673958177e+00
-1.0882610418353840e+00
5.5177838100709413e-02
-9.6261652480082630e-02
5.9181457399972315e-01
7.1185515329680005e-01
8.6967735894176701e-01
-7.9714401710781324e-01
7.0352733342775486e-01
6.1653550321577155e-01
-1.1246899170371218e+00
-1.3734031364225290e+00
-7.8967311129411549e-02
1.4953068645725494e+00
-5.1191417554393359e-01
4.0746643103073121e-01
-9.4957667635037768e-01
9.5158906719863323e-01
-7.4925059555918494e-01
1.1068503011833399e-01
6.7602934548051785e-01
1.3440180815036451e+00
1.5821630818292873e+00
2.3510820654881651e-01
-1.2094989480262839e+00
-1.1717758377045084e+00
-9.0079127282959437e-01
1.0891759053302608e+00
-9.1179896243433700e-01
1.2672839615393792e+00
-8.7556643886871433e-01
1.6989582607625771e+00
-4.2397952297840585e-01
-9.4978368079245656e-01
-7.6300088093835505e-01
3.8689065422330265e-01
-1.1022142230067916e-01
-5.3376570666035017e-01
1.2378454744544833e+00
3.6963200172065452e-01
2.4397572228761866e-01
1.3501210228302680e+00
-8.0412388309678229e-01
8.0420749475253062e-01
1.0399346263605289e+00
-3.6151319036514595e-01
3.4196707282688488e-01
-1.3636745057593964e+00
-1.4387603365939852e+00
1.9583637825956646e-01
9.5492485002604977e-01
1.4941291158231094e+00
-1.3059670581989138e+00
3.1150551791976167e-01
-4.0048043445099650e-02
-1.6575362472173278e+00
-6.2913904686686950e-01
-1.2260528909180686e+00
9.3074285792413236e-01
-6.2143206194871703e-01
1.9446302527213238e-01
-1.1679435713156572e+00
4.3985104424173749e-01
-7.2225168735915424e-01
6.1843613388510821e-01
6.4168659031792330e-01
8.4692051738477792e-01
-1.8943313015166269e-01
-1.4032596590189894e+00
-8.9005021445962773e-01
1.5295618398725161e+00
-1.2595061018574834e+00
1.0383346716487345e+00
5.7442912830148421e-02
1.9500178745548911e+00
-1.4963513610945869e+00
-1.2786891703426120e-01
-1.2580996580949440e+00
1.6736161791736155e+00
-1.6078114699069439e+00
9.4010171094020534e-01
1.0877240626348996e+00
1.2666822752213955e+00
-1.4010871589452112e+00
-2.8615278328434551e-01
-7.8082395528678850e-01
9.5047823548029464e-01
-3.0740814269675842e-01
1.3277851823151441e+00
-1.1071289736709911e+00
-7.9943528143505205e-01
-1.2434432466850169e+00
-1.1572645736844807e+00
1.3561702934846454e+00
3.6348597000535449e-01
1.5641949172686231e-01
-1.2535640435983486e+00
1.2121376816403913e+00
4.9970972921348478e-01
-4.5879618406362921e-01
1.1501867486070926e-01
-4.0842605836948520e-01
-1.5202291579809031e+00
-9.6081727142992357e-01
-1.3268657805060307e+00
-1.0993920939823867e+00
-8.8897875394876735e-01
-1.9333748049218391e-01
-1.4534856293067300e+00
1.4707448867860917e+00
1.5316556471490586e+00
-4.9019956883379040e-02
-5.4631449552103216e-02
-5.0558243390411206e-01
1.4825968875461881e+00
-3.9411483811638276e-01
-1.4000002008938250e+00
8.8286266516083134e-01
-4.4960735941872793e-01
-8.8245078417707978e-01
-2.7341174676948532e-01
-1.4277250302771685e+00
-1.1713028342164884e+00
1.6055804936573586e+00
1.6538592005396553e+00
2.4468904011884257e-01
-1.5501659325471782e+00
-9.4077016066093033e-01
-4.5099601799263078e-01
1.2037816028757367e+00
-1.6451568741962228e+00
-1.6326335785409483e+00
-1.2028242681754739e+00
4.3541155274796683e-01
9.5731304081820734e-01
6.4203349143937916e-01
-9.6912400013248912e-02
2.5140761555208674e-01
-6.0793206717651438e-01
9.2905303087698754e-01
-1.1003441045764204e+00
6.3319312939311800e-01
-1.1193010063773863e+00
-3.9680960411617455e-01
5.1230852430150420e-01
1.0589408253543864e+00
-1.5026258730264697e+00
1.3917223886444434e+00
8.6737381552303039e-01
3.7749487192835766e-02
-1.5347260375174704e-01
-1.1245537908477495e-01
-5.7355456195040655e-01
1.1943173346907908e-01
1.2718881258780146e-01
1.0888540111769123e+00
1.0094715299642185e+00
4.8534600783784487e-01
-3.6101259581092560e-01
1.1697919989576118e+00
1.8423139446344294e-01
-5.8271927770263876e-01
1.4245317425631712e+00
1.2093690077557158e+00
2.7564480079877179e-01
5.4715697114662987e-01
4.1413779304164317e-01
-9.1157246811807568e-01
-5.9104774345477051e-01
-9.4078380610236115e-03
-9.5571513605638103e-01
1.1817643288340329e+00
-1.0801147340302262e+00
-9.0085208022010077e-01
-1.0960647449725214e+00
-8.9469126962170153e-01
-2.9278778524302751e-01
-7.1792309807029453e-01
1.3712281965701889e+00
-1.7468935566062152e-01
-1.0959811186032282e+00
1.6074164673063840e+00
1.7348056405253054e+00
-1.1928436950792475e-01
-1.2427889962352754e+00
-8.5968662926908768e-01
-3.3506710233912462e-01
3.1324584597004412e-01
-7.7254593908923042e-01
4.3178398548136832e-01
8.1494448453044355e-01
-1.0228131398208098e+00
-1.3787943584862716e+00
-7.6714745698255726e-01
-5.9303669696986194e-01
-1.9736819284588517e-01
1.1684174227237118e-01
-1.3305555932377948e+00
-7.2392811299815851e-01
1.1221199287571324e+00
-1.6565810622541695e+00
1.4761727162952114e+00
7.8486420591416428e-01
2.7899941366888757e-02
3.4580561038176749e-01
-8.6068151274850191e-01
-2.1379718884609467e-01
1.5067189071463685e+00
8.6320478657810729e-02
1.6669071939056240e-01
-9.2035839843303935e-01
4.5656633866567660e-02
5.1553325113758375e-01
7.0432771149505258e-01
-2.6790117859499507e-01
-4.7882568974551942e-01
1.6820709669211196e+00
-1.6269171712016270e+00
1.4299667909420630e+00
1.5293831732752405e+00
1.1153561164579646e+00
-1.4426189507251015e+00
-8.8590452216316351e-01
-6.3516414740484461e-01
7.6210608488888065e-01
-1.2771795318944403e+00
9.1791122815447967e-01
-1.2577257009866747e+00
6.1733320002901892e-01
7.0293408553681450e-02
9.5452262574229940e-01
7.3160736102736701e-01
1.3886512059689646e+00
1.4503122819223591e+00
-5.1815622479030232e-01
7.7085596471680151e-01
-1.1044882507742642e+00
-1.6752263237888925e+00
7.5942038258976108e-01
8.7422973409939583e-02
1.1958794484685863e-02
1.6068205319892086e+00
4.6687921985047570e-01
4.9361613897444051e-01
1.3224055790681242e+00
1.0465854216694919e+00
2.4995741398417604e-01
-1.1213509617857040e+00
-8.5131776939117076e-01
1.4347183470791882e+00
-1.5982371782749141e+00
-1.0784276142466620e-01
-1.2064509334542057e+00
1.5599207400128778e+00
8.8587498755320870e-01
8.9109398765923137e-02
-2.1206537767034742e-02
-1.4193282967354695e+00
7.1405054897122111e-01
-1.4782465273882190e+00
-1.5095422280743493e+00
5.8183849808259178e-02
-1.4214949591469415e+00
1.1930140372287072e+00
1.1908875199882738e+00
8.5462718816926597e-01
-1.2680792629957207e+00
4.7120371947345607e-01
-9.9374984755237969e-03
1.8630657851899264e+00
6.4670968496703607e-01
1.2148943771102634e+00
-6.8113227931062531e-02
-1.4149206937605094e-01
1.2054156432726277e+00
-1.4676703840933107e+00
-1.2945981977608674e+00
-1.1545502727493302e+00
-3.1742446133808744e-01
1.2397939863393452e+00
1.1407434242770722e+00
-1.5731013894229997e+00
-4.1712781009971356e-01
1.8317715811298152e-02
-2.2502781877094072e-01
6.7625065591648670e-01
5.6779958774403394e-01
-6.2279803264835198e-01
-1.4402987639068499e-01
-1.5706085495091755e+00
1.6684265242418728e+00
-1.1762106013748803e+00
-1.3884611846161601e+00
-3.8293193850975915e-01
-9.9915319511256129e-01
3.1713646774922923e-02
-6.2104974703475579e-01
1.4676228161644487e+00
1.3608294742194740e+00
-1.5920825811782313e+00
9.8034883802351414e-01
-7.7947507370287117e-01
-1.7424892885270338e-01
2.5436251655652092e-01
1.6079333983429274e+00
-3.0364234146215563e-01
1.6649050671574390e+00
-7.0859073996816269e-01
7.7917491812725193e-01
6.5627843788328488e-01
2.0650865695864845e-01
6.0257046446081386e-01
4.9482452629438561e-01
-1.1716294040758792e+00
-1.3092372127651877e+00
1.9610770748275044e+00
-1.1473983296110029e+00
-1.5119441058341241e+00
3.0005294221669526e-01
1.3992740122872676e+00
5.7190500715569736e-01
-1.0951964548530277e+00
-4.7367231041856706e-01
-7.0682811291683037e-02
1.7710441514435951e+00
-1.1466345050736184e+00
1.1396939154887538e+00
4.2056571882143612e-01
-4.9555683038554865e-01
-1.0730517008522078e+00
-1.8202691318747427e-01
1.9842695411151714e-02
-1.2102498062173050e+00
3.9708955600960327e-01
-8.4834308518535728e-01
-4.1899194143511148e-01
2.7177327376204558e-01
-8.8148057280736614e-01
-6.7274029961199933e-01
4.8215822823426041e-01
-7.6169466610381875e-01
1.0334188229607084e+00
1.5735102798078966e+00
7.1224650898066555e-01
-4.9880658715462428e-01
4.0296711346643699e-01
-1.3852461150619009e+00
1.4830581290545601e+00
1.3916887846638830e+00
1.1795237249896373e+00
-8.5041233075821021e-01
3.1136604387149730e-01
-1.6799389257814712e+00
-1.9607793210273133e-01
-5.9397382454420145e-01
-1.1286744853348925e+00
-1.1694670461968739e+00
-3.3650699984740223e-01
-1.4579151875308067e+00
4.5723420700631473e-01
-2.1822700082810551e-02
8.2300727029520981e-01
7.7546504762446300e-01
5.6513760695588533e-01
-1.5085058449107058e+00
-1.5187331695657593e+00
-6.4540598139438887e-01
9.0270865875300546e-02
6.1422925667412143e-01
-2.5844602809315836e-01
1.1994935878613660e+00
6.7167716023839719e-01
1.5256928794757358e+00
3.3529115161499513e-02
-5.6913112200466032e-01
-1.3932797858943189e+00
5.0391990666639441e-01
1.0459775773299871e+00
-1.7213285787802693e-01
-1.3123619259050769e+00
-8.3041203268041131e-01
-1.2232617484831318e+00
-7.7980160590678371e-01
-1.4366003908614269e-01
1.6413922469005959e-01
-8.2355787197153973e-02
1.2074199725096433e+00
-1.1789702637518974e-02
1.4402992680478850e+00
6.0435126826830809e-01
1.8056965231730238e+00
-8.8614603605711229e-01
6.9399856437207319e-01
-6.3280588487028699e-01
6.7921002609093206e-01
6.6232241610929499e-01
-1.5215653936168119e+00
-8.7108940749535546e-01
-9.0750516153483018e-01
6.6156015645509481e-01
1.2858004375421199e+00
-6.0409503145547538e-01
8.8377568980898813e-01
5.2486517062776694e-01
-1.7646402870665012e+00
4.7092575710209433e-01
-3.3776542088474237e-01
1.5162510365861335e+00
-1.6197515013164585e+00
-3.8456713975589467e-02
-2.8064227719534129e-01
-1.5330555253815240e-01
9.2355844027503264e-01
-5.5949157815515838e-01
1.0748928734468384e+00
-3.3095277374878565e-02
-1.6574090667892201e+00
-1.1793340569861221e+00
6.8327519436101736e-01
-1.2204962879694857e-02
-1.2164784506863697e+00
-5.0914013650782775e-01
4.5838676239891657e-01
-9.6640909444281620e-01
9.0757377253388050e-01
-9.1266946650552883e-01
1.4363712563919124e+00
-8.2139266037487146e-01
1.0068708344841866e+00
-1.0325871605793209e+00
-6.8314371757510284e-01
-1.4685468639313004e+00
1.8664870054729316e-01
5.5226834799786395e-01
2.6226708141554500e-01
-1.9150354007932419e-01
6.2963208628090073e-01
5.9628671228325991e-01
7.0392051947893308e-01
5.5573122007574549e-01
1.5330030127344516e+00
-1.0307689884856510e+00
7.1156567995737197e-01
-8.6440449005854247e-01
-1.2774818017557916e+00
4.4755568954322239e-01
-2.4352043582151964e-01
-2.1421801854516814e-01
4.7918632297101338e-01
1.1020937496681482e+00
-4.7500001737113223e-01
6.9558462341763816e-01
-1.9713726253707148e-01
1.2623718235624601e+00
1.2314782298025464e+00
-8.6534077821038957e-01
3.7789272067047697e-01
2.6920609253033673e-01
2.1221109791193191e-01
1.3761305743919303e+00
-7.6346911561694675e-01
-6.9413466047450489e-01
-1.3726631902324549e+00
1.4273566482623079e+00
6.3379604684722879e-01
1.0235847882516604e-02
6.1038779967518308e-01
2.4354813417046250e-01
5.9523725379541814e-01
2.4070235221536698e-01
7.5253411441667151e-01
6.1127967965635084e-02
1.7019985876923307e+00
-9.2646789464611268e-01
-1.3255585511929171e+00
-1.3117726420349900e+00
-1.5624549843398583e+00
-3.9896784769059884e-01
-2.4954205759882372e-01
-4.1643855715109579e-01
1.0766357601436556e+00
5.6751057702789109e-01
1.0225927732085716e+00
1.5740538073262820e+00
1.7107843803447114e+00
-1.0896419730238136e+00
-1.2747382223443624e+00
6.6624286856155013e-01
-1.3679086197636745e+00
1.5799318908532206e-01
1.7545830675943364e-01
1.1588596976410575e+00
-1.2506722752884755e-01
-4.3692279655034522e-01
7.3095668632519961e-01
9.9311316512157111e-01
1.6262335954599424e-01
-4.3176466279522557e-01
-1.1095180668343729e+00
3.8538176487185982e-01
-8.4547686688323509e-01
-1.6035330472406790e+00
8.7053603145585501e-01
-8.4122952717330646e-01
-1.3546748118531463e-01
7.3214223927057087e-01
-5.5371265485253629e-01
7.3303056972240677e-01
-4.3265387080579587e-01
7.7595192793196366e-01
8.5341069321065399e-01
-1.2926876227350415e-01
-1.5565866339525682e+00
-4.8954160384107853e-01
-1.6919657412743544e-01
-8.1718318355975572e-01
-1.0721420833808701e+00
1.1031085373249947e+00
-1.7959473513380889e-01
1.4391697192750599e+00
-3.1655756097796350e-01
8.4485978895952030e-01
-4.2554291292097618e-01
9.7929551696120376e-01
1.0449955507322075e+00
-3.7296518909719950e-01
-9.7883466178196188e-01
1.0857585523606488e+00
1.6304443262922124e+00
-5.0082785863627222e-01
5.7917966568429813e-01
-2.3086017068345788e-01
1.1441274392528473e+00
1.0187300090946727e+00
-1.1082784176656868e+00
1.3479853868735843e+00
1.5981072658449686e+00
-2.4171024033769698e-02
1.2378198159963938e+00
4.1782215850384391e-01
-1.2088527448561039e+00
-1.0394908031194525e+00
-2.2868702679750960e-01
9.4280898487095022e-01
1.2063412525996828e+00
9.9251856918318604e-01
-6.4915111018447513e-01
1.0141354534886855e-01
-1.3815890156081432e+00
-1.3046722052632900e+00
-1.2177435493008084e+00
5.3619415683754590e-01
-8.9841784656963450e-02
-1.1321242804664038e+00
6.8588702053005338e-02
-1.2356745237854552e+00
-1.5834582060157174e+00
1.2924810671368625e+00
2.9785816130738058e-01
1.5629312105877569e+00
6.6763877706442176e-01
2.7109278010515536e-01
1.0810868542094803e+00
1.4082084550944942e+00
1.7967607884115908e+00
-1.6977700851431432e+00
1.1735275616864489e+00
3.1070270728670374e-01
1.5983735873036096e+00
1.9126028920781218e-01
1.0461712470614268e-02
1.2187126966329278e+00
-8.4266899374907744e-01
8.3732085620208119e-02
1.4643565345135554e+00
2.4278293793344594e-01
1.1847917740113354e+00
8.1379975029254703e-01
3.7218803165118036e-01
-8.2726692063237794e-01
6.5655197075730032e-01
-1.4945834017189239e+00
3.5640203384035651e-01
4.7577356160676404e-01
9.4991491763757319e-01
1.5543713616708976e+00
1.8980891666672004e+00
1.0124759406662871e+00
3.6945707238717329e-01
1.5584892915750568e+00
2.6168860648813996e-01
-1.6991945879550650e+00
-1.3374697490379179e+00
1.3505672100173118e+00
1.2652877714165414e-02
1.2874392434559734e+00
-1.0649240783328375e+00
1.0503796979489571e-01
3.6978974730513314e-01
-1.6697456544759770e+00
5.1801671053369613e-01
-4.2922115542822836e-01
-1.4539033262337988e+00
5.4511427033663587e-02
-9.6378625069544710e-01
-1.3297246013009560e+00
-1.0427505598520099e+00
-1.2481313356987491e+00
-1.0311368731805060e+00
-1.5488159040550682e+00
5.4617712016081943e-01
-8.1767729851318083e-01
5.8310414525739915e-02
5.9253042723867411e-01
8.4019918778044309e-02
2.2174957250654542e-01
-1.1846458296937262e-01
-1.1988668217101508e+00
5.7210246225041388e-02
1.3003155222478542e+00
1.2849038684181173e+00
-8.1709992682981536e-01
-1.0324180575726782e+00
2.9791442333829987e-01
5.6425776057315569e-01
-2.2517707228755932e-01
-1.0766261074613013e+00
1.4550071120906263e+00
-1.4993999436520271e+00
-1.3929785971772826e+00
-1.2565755427803673e+00
-1.1648960969250384e+00
5.0490173632121271e-01
3.4293617462272269e-01
-1.4451781929987904e+00
1.4843464204676748e+00
7.7905169277824993e-01
8.1101868908775854e-01
-1.4754451959929069e+00
1.3425408892928277e+00
1.6040486167875618e+00
1.5794299740492765e+00
1.1513496845631159e+00
9.0097040777412496e-01
1.3756267804254280e-01
-1.1230647016068378e+00
-2.9339500256010959e-01
-1.1645911018930120e+00
-1.5178102152801833e+00
1.5956090582636246e+00
-7.0910919233752512e-01
-7.2920956478514898e-01
-5.9896473601996247e-01
-4.8259269320093182e-02
5.9214141279844457e-01
-1.6104206900450062e+00
1.0942577377678886e+00
1.2803962711475436e-01
1.1348389872050493e+00
-4.8378083720297171e-01
-1.1529782667995582e-01
-1.5862164093777091e+00
-1.0165860903453223e+00
6.4835835639851025e-01
-4.8964061945971665e-01
1.3704236155512357e+00
-1.3468870620163760e+00
1.6835889707463658e+00
2.0953382082026403e-01
7.9974727781377042e-01
1.8341672565926956e+00
-7.9726445065622786e-01
-3.6504290098203585e-01
-1.9335491330067026e-01
1.0783343837807153e+00
1.2819981827533715e+00
-1.4135822177522361e+00
-1.0131258750716190e+00
-3.9089612385020467e-01
-1.4293178788912710e+00
5.9005073980406560e-02
-5.8882199919236189e-01
-1.1466092826566341e+00
-9.6086895715166232e-01
1.5006273378451067e+00
6.8828367480197650e-01
-1.8097493482675711e-01
1.3328517400606310e+00
-1.4245372247570705e+00
1.0092124431272864e+00
9.7437696851239153e-01
3.1959014865208596e-01
-9.9229388920812311e-01
4.2349782113690609e-01
-5.9553606197883657e-01
-1.2912833521766156e+00
-1.0180009172285285e+00
1.3580808965561220e+00
-1.4469897313495295e+00
-8.4228595502879944e-01
-1.5095639425771974e+00
-2.7223543701960495e-01
-1.7341114707531837e+00
1.2818711399507878e+00
-1.0515222131472686e+00
-1.4393035752260845e+00
-6.3587945781663557e-01
-6.0366263498804362e-02
-1.2751822936726540e+00
1.7884229955505946e+00
-6.0190183768190508e-01
-7.2289630267809801e-01
-1.5422762645579824e+00
-6.4515106832717284e-01
-1.5357383037313104e+00
8.7365485615819707e-02
8.1862585911644736e-01
3.7383859292044852e-01
-1.4727158112244321e+00
-1.4862637338415390e+00
1.1282055564814100e+00
1.6083692375798839e+00
2.0603239083797428e-01
-1.2495249057625637e+00
1.2071126796870955e+00
-5.8099130055641179e-01
-7.3464460251375541e-01
8.4051955920707166e-01
-1.6630710276223954e+00
-1.5283274616812665e+00
6.6185500473174030e-01
2.7965776840005552e-01
1.5678918415885673e-02
7.1040621340462096e-01
8.6544744756838199e-01
1.1437356139064765e+00
-7.0867663480170262e-01
7.5024970721506090e-01
2.8452459181323153e-01
-2.6445413746581609e-01
-1.5438591380508659e+00
9.5843601175587623e-01
-5.8278067340933770e-01
4.4954256826813016e-01
9.2114723778116991e-01
-1.3290412097105557e+00
-1.3430671889294479e+00
9.5650483689779728e-02
-1.2378402207501372e-01
1.5533335111100897e+00
1.2097497607701133e+00
9.6714463297657904e-01
-1.4477354385315246e+00
-1.3738519791177715e+00
-1.3202318430975666e+00
1.0217271398033942e+00
1.5254605423197147e+00
6.2253791577729423e-01
-1.2326269099069913e+00
8.5563464258190769e-01
-1.3094532434747035e+00
-1.3785377641772476e+00
4.0675826930284564e-01
-6.5748823598613859e-01
6.6480779445730775e-01
1.0226733637165941e+00
3.9964973489278899e-01
9.1307726325071459e-01
-8.1872844510341147e-01
8.9568128205501329e-01
1.6215372776846257e+00
1.2605381385424217e+00
-1.4580429437046485e+00
-4.0405040525160152e-01
-3.9428446397596251e-01
7.2235711941719771e-01
2.6080131730054396e-01
9.1395329092618449e-01
-5.2496671227656988e-01
-1.0163449019507449e+00
-1.4644728355404175e+00
1.1082824811869887e+00
-9.1866063065971104e-01
-2.9273163540816544e-01
2.6775757735446493e-01
-9.6106007651569103e-01
4.7706691441153726e-01
-7.1249692797931322e-02
-1.1627547319500318e+00
1.0649673354425335e+00
-1.3439151175373212e+00
-7.7605146542267411e-01
-9.6949469731190552e-01
3.1953920977257466e-02
-1.4463309722580615e+00
-2.6814331935500380e-01
-1.3962193024239249e+00
-1.2387963605602468e+00
1.0652618736918611e+00
-6.2421637748313930e-01
3.4332334547127225e-01
1.6000313707826139e+00
-2.5231081680893908e-01
7.5673613244390414e-01
9.8070490915207442e-01
-1.6997471172214251e-01
4.5718949944918597e-01
-1.4049399130214653e+00
1.4066464938495684e+00
-1.0860527074708279e+00
-7.9051516175613945e-01
1.2055072395397395e+00
4.7771395958334552e-02
1.0122331707184320e+00
-2.6621625270749805e-01
-8.0789123855786671e-01
-1.6286730357819565e+00
5.8625053482672651e-01
-1.8085676147237098e-01
-1.0245603133442259e-01
4.5658283777424663e-01
-1.5767451101877292e+00
-7.0185500366998099e-01
8.5716976887899421e-01
8.2482317354014167e-01
-1.3193072854071135e+00
-1.3012139087024106e+00
-1.3071204488222810e+00
-1.5968898663559761e+00
-1.7331046559518076e-01
5.2453893447481725e-01
7.5906648935775700e-01
9.1472288448709013e-02
-1.3148822789154964e+00
5.3404461848898122e-01
-1.2523663818819979e+00
-1.3211788277664429e+00
-1.4430222129344932e+00
-1.2948239614450270e+00
-1.1581725337517892e+00
-1.0530587656332289e+00
-5.9791186222026904e-01
-5.3900271004359634e-01
-8.7790677032566555e-01
-7.6314489474096137e-01
1.3510492846134512e+00
6.9046851906396434e-01
1.7688727950166799e-01
-1.0475366924569374e+00
-9.4996462742469201e-01
-1.4261510295654527e+00
1.3385429055933284e+00
6.3194760956200968e-01
1.2379641437132723e-01
-6.1312005635590028e-01
-1.1658605149073793e+00
5.4724021809972256e-01
1.7628678479220306e+00
-1.0394692331012747e+00
-7.4000502165589310e-01
-3.7657740901420789e-01
-1.5006649001576826e+00
6.2386289452823707e-01
-2.7694017614315308e-01
1.7752771280836426e+00
-2.7766266332358414e-01
3.3835940422702920e-01
-1.2527099279845502e+00
-4.7824726922921157e-01
-1.1848936951102258e+00
1.0563913470453379e+00
1.4806315704185768e+00
-4.2126125165448125e-01
7.2626699991444499e-01
-6.1537810693246531e-01
8.9452616800982182e-02
1.1403763226490833e+00
3.2227922375223633e-01
-5.1409639426564913e-01
-6.4168248082839630e-01
-9.9439095939785616e-02
-3.3732602616644963e-01
-5.5242251417833454e-01
1.2560562254730889e-01
9.9794663973186803e-01
-1.9673736693508426e-01
-1.7788659750863636e-01
-1.1956429239993398e+00
-1.5399392900643205e+00
-6.2896423299169146e-01
-6.5264611812229734e-01
5.1798170717583980e-01
1.5739606281504290e+00
1.6087359276936888e+00
-8.0722461018970001e-02
-8.4938597613851763e-01
8.2706076575128784e-01
8.1146555604777393e-01
7.4772986281378551e-01
1.0022378071779656e+00
-1.3921864596016820e+00
7.6898591097966551e-01
-3.5675230191408634e-02
-8.9641791644280355e-01
-1.2859825024454647e+00
1.1095621605804291e+00
-1.1489051060035746e+00
-1.1887414935028218e+00
6.5503520301310481e-01
1.4625696875343759e+00
1.2671674247625772e-01
6.1825515857297486e-01
-1.2553694168537373e+00
1.4738553746500402e+00
2.4083319071683573e-01
7.6212841157073741e-01
-1.6525806124658911e+00
1.1501919809032568e+00
9.4251128188573885e-01
-1.2117052866267968e+00
7.0007225083194277e-02
-6.2369797939138061e-01
1.4454235171858357e-01
-2.8934151277259679e-01
-2.3202042051097918e-01
-1.0606038752452689e+00
-9.0803008857072565e-01
-1.7093649655533369e+00
1.3722380774413341e+00
6.6438680216111479e-01
1.7115352476801011e+00
-1.1759642859926107e+00
1.5337540563133392e+00
1.1003295167892542e+00
3.5556612665690546e-01
-2.2601770214423209e-01
-8.6125698382822069e-01
8.6013497919183313e-01
-8.9113735848364384e-01
-1.4726782968113958e+00
1.0133391604682254e+00
5.1077360756797163e-01
6.6094123321335474e-01
4.1134039645798748e-01
-2.1658486859314122e-01
-3.2278210494219262e-01
1.2742493789501119e+00
-5.3557867852257091e-01
1.1684831140857492e+00
1.0811867198811635e+00
1.2094660008941065e+00
2.4217304478427988e-03
4.5520103412489576e-01
1.6623478708041264e+00
-1.2994546119290110e-01
-1.4874155473405490e+00
1.1780018682642417e+00
3.7424372875069922e-01
-5.6788842215751878e-01
1.9532787615325098e+00
-9.4822675275034152e-01
6.5969826999449066e-01
4.5016464060382444e-01
-2.9624936941779018e-01
-1.1362904765408721e+00
-1.6708070868931224e+00
-2.9191358895690411e-01
-1.1172494931203771e+00
8.6642073988953638e-01
-3.9016946346632730e-01
1.2757874261140782e+00
7.2582973245026550e-01
1.6896205573607045e-01
-1.1759880090488826e+00
1.8045329755166153e+00
-7.9373192624418554e-01
1.6813775123471719e+00
-8.5662932011139237e-01
-3.4314893471453911e-01
-1.3237526983466241e+00
4.7071503152905592e-01
-1.1293795831710682e+00
-1.6014540885795896e+00
8.5722190493815320e-01
-4.7122281777108227e-01
6.3604774386938134e-01
-4.6963718870886800e-01
3.6113365123246743e-01
-1.7055637502555436e+00
1.6287752196642062e+00
1.2157506799812410e+00
1.0103440537415440e+00
1.1635916062375384e+00
-3.0975234851079869e-01
4.9228899331028375e-01
2.4568588630433674e-01
8.7441269947398093e-02
-8.0047068827099521e-01
-8.2056899566930575e-01
-1.0281123161120594e-01
-8.9451969417239896e-01
9.6542699642184171e-01
1.5852507758731000e+00
-1.6770995529187529e+00
2.2123572873142519e-01
-1.4629310141750489e+00
1.2215053373199312e+00
1.7670162348583127e+00
-1.3942105586558873e+00
1.5964888548648253e+00
-1.6950347034769835e+00
6.2296637699117929e-01
9.7083613988488171e-01
1.8887000365004730e-01
1.4306436523426924e+00
1.4788882479609662e+00
3.5632642481542526e-01
-1.3090123449757045e+00
-1.0362743513168233e+00
-1.1060250067702357e+00
-1.6328444059873479e+00
-1.3883523279449770e+00
4.8942411540706310e-01
1.5973891931681510e+00
-4.0864996735345271e-01
-3.2841862961903423e-01
1.6694213785116356e+00
1.5344135900715903e+00
6.9271553029376631e-01
1.7946063684103113e+00
1.0115780039445841e+00
-6.3058366160350576e-01
4.8067778067012490e-01
-9.4631880578632355e-01
-6.8040510684257538e-01
7.6379713297203788e-01
1.9188637396695291e-01
-2.1278599757120120e-01
4.4210071060031686e-01
9.4902839645548365e-01
2.7367734079972483e-01
1.6314829710034151e-01
2.7380773205168940e-01
1.0996413692955753e-01
-1.4076036549562689e+00
8.4448198682888553e-01
1.6195487550249090e+00
-5.6972872755207504e-01
1.5345967019312237e+00
-4.8915122887472928e-01
1.5385719674709804e+00
-8.2754031080351620e-02
-2.0649995432682244e-01
-8.7732827754152543e-01
-1.1929628749121852e+00
-6.8261436047130175e-01
7.7014669822275772e-01
9.6782605463109550e-01
7.5332578238969172e-01
-1.6649603225363541e+00
1.2816326284126955e+00
1.3676535298921988e+00
8.5113748330239125e-01
-1.6338753975811424e+00
-3.6999700410149061e-01
8.5450770159577971e-01
9.4901833443202432e-01
-8.5489250773428005e-01
-7.0139809321929769e-01
6.8340237560976924e-01
-9.5584293276525595e-02
4.1360559081139281e-01
-9.3497214034891685e-01
-1.0733814877210812e+00
1.2336549538727430e+00
1.0118971987978691e+00
1.4090978305641320e+00
-1.4113073877326103e+00
-1.1576566816790634e+00
-1.4178106193976112e+00
4.8908146241214576e-02
-1.0643353958708786e+00
1.4473508963330015e+00
-1.2840254595798160e+00
-1.4723010187360170e+00
1.8230989128156114e-01
9.3169068280981249e-01
-6.7207892604837360e-01
-1.0668098143484834e+00
-5.0121150592770958e-01
-9.5662992537823954e-01
-3.8743885403186927e-02
1.3131702346635321e+00
3.6651602062533234e-01
-1.4086551600363761e+00
-3.2243418442359872e-01
-1.5848005164448964e+00
9.4662439192215883e-02
-1.4378991611151407e-01
1.7958637220833775e+00
1.0678729863414171e+00
-6.7170937179944601e-02
1.3563609420109857e+00
-1.2133097678664095e+00
-3.2072276261302396e-01
1.5791266765604335e+00
1.3511452279312874e+00
6.5535049719582883e-01
3.3039364087287637e-01
-5.0101834553911428e-01
1.7243517858540458e+00
-1.3214027577297813e+00
