tensor
4 
3 5 7 11 
9.9523484063597090e-01
1.3043691931670032e+00
-1.3393119466009884e+00
1.3301130708822695e+00
3.7619238935917498e-01
-1.4392688165479612e+00
-8.2500120729662918e-01
8.6035264342841700e-02
1.4799172189665231e+00
1.5049746562218238e+00
-1.2353500208036698e+00
1.5243379200838467e+00
1.4787634600434645e+00
-1.2274855774523176e-01
9.4620683517608417e-01
-1.2887349984863916e+00
-3.3868974172062483e-01
1.3381230497553418e+00
9.1880228220908178e-01
1.4866573767139291e+00
4.5556154665548404e-01
-1.6491485843929379e+00
1.1120259156847960e+00
1.4000995256687816e+00
5.3361702835982805e-01
8.0180217338111581e-01
7.5221595380745110e-01
-4.3894482765937398e-01
4.5466943241190272e-01
-1.1892739414642148e+00
6.2632494332178945e-01
-1.6623154155414346e+00
-8.3034839372017510e-01
-1.6136427270808660e+00
-1.4406559041622606e+00
1.0248831899946458e+00
5.8824686707275609e-01
-6.9396788013147614e-01
1.4551887568429205e+00
-1.6534447011778555e+00
-2.8104009453459283e-01
-4.7515963488330076e-01
8.2820030868018146e-01
9.2896067078120714e-01
-1.1360275501059875e+00
-1.0785080279424802e-01
-2.5781522649711663e-01
4.2355892744352258e-01
6.3759053161296020e-01
7.9143713564700702e-01
-8.3339637360868279e-01
5.3690131551282771e-01
4.5337989544659174e-01
-1.2183819171347130e+00
-1.3664313430439863e+00
-7.8658969970264322e-02
1.4875112112770914e+00
-6.1492190402833635e-01
2.1633866664696672e-01
-1.0106356895724944e+00
7.7982910722719234e-01
-9.0444385789072512e-01
-5.2884267775123152e-02
6.0266718957254817e-01
1.2538290343216796e+00
1.4859750711741018e+00
8.7169075510753910e-02
-1.2998076175182471e+00
-1.2635894147776874e+00
-8.9625237454699647e-01
1.0834709190179386e+00
-9.0720339914580062e-01
9.9374511396167187e-01
-9.4371912443628403e-01
1.3840446501407562e+00
-5.8234102487328898e-01
-1.1030236896442014e+00
-9.1806021129186877e-01
3.2081201233063844e-01
-1.6377762120656567e-01
-5.7665266334955989e-01
1.0499036261545953e+00
2.1632624323641525e-01
9.5682834850679063e-02
1.3430727522172721e+00
-8.0008260587818159e-01
7.9996945902270733e-01
7.8818657079473586e-01
-4.7893642872486802e-01
1.5711723703442720e-01
-1.5128830916009097e+00
-1.5872375635168920e+00
3.1437680235588870e-02
8.7453720988651462e-01
1.4001587143797554e+00
-1.3294019680447433e+00
1.6051862936420039e-01
-1.7701022366700259e-01
-1.7299711326424789e+00
-6.2599855056961939e-01
-1.2198396220652301e+00
9.2585344780395140e-01
-7.1394281016988859e-01
2.3751036061247510e-02
-1.2080727340645685e+00
4.0467060399443444e-01
-7.8266828144386424e-01
5.8713383682838072e-01
7.1019083037092334e-01
9.1661000026921380e-01
-1.2572867493360712e-01
-1.4101165520399679e+00
-9.0172876595658447e-01
1.4951507703090481e+00
-1.1700062073239017e+00
1.1886224854222944e+00
1.8178185768915678e-01
1.7851372865493864e+00
-1.4298903739324291e+00
-1.5326891821990218e-01
-1.3301526948582822e+00
1.6652281092544317e+00
-1.6874588275867199e+00
1.0103293228916266e+00
1.1588042058252170e+00
1.3387959168280135e+00
-1.4079644628403576e+00
-3.0350501674198371e-01
-7.9352869935273085e-01
1.0984418629968711e+00
-1.9272110094335509e-01
1.4857302256362119e+00
-1.0667949955552463e+00
-7.7975560312407022e-01
-1.1939590131901625e+00
-1.2271278817489757e+00
1.3408885875826402e+00
3.2664719034551115e-01
2.2212127431994444e-01
-1.1960050320449811e+00
1.2839363237269035e+00
4.7497423209125811e-01
-4.7452641401857681e-01
9.3897391978919331e-02
-2.9641138145985424e-01
-1.4376265264180048e+00
-8.6341575346304844e-01
-1.2717817116310901e+00
-1.0595774629857868e+00
-8.6328836507229345e-01
-2.4226820510225874e-01
-1.5297816562060427e+00
1.4579512759412510e+00
1.6052995318011958e+00
1.5495395974427829e-02
9.8514964733912979e-03
-5.2087310195992842e-01
1.4486270588111163e+00
-4.1045275634213374e-01
-1.3142169885796486e+00
1.0290375656797259e+00
-3.3868210769087698e-01
-8.5719859292435663e-01
-2.8904201488734593e-01
-1.3658706660226945e+00
-1.2414709963121819e+00
1.5957149648359343e+00
1.6450420892469242e+00
3.1090058662357856e-01
-1.4943198213299835e+00
-8.8140473867256774e-01
-4.6679953135506236e-01
1.1724312740248064e+00
-1.6497411166059557e+00
-1.5530045345816830e+00
-1.1118248917073899e+00
5.6974941808200474e-01
8.5906892853841466e-01
5.6495288851806746e-01
-1.2439039369466375e-01
2.1213494900951518e-01
-6.6586610318515083e-01
9.0449607189048931e-01
-1.0419002352563367e+00
7.0164831900977409e-01
-1.0609666147264527e+00
-4.1312220472265448e-01
4.8745466013095595e-01
1.0289512913407428e+00
-1.4195575577327812e+00
1.5513588501784645e+00
1.0131389683554193e+00
1.2321564667833339e-03
-1.7715392745093284e-01
-1.3889003207477160e-01
-6.3074205809914841e-01
7.7293086516594750e-02
8.5218617904334118e-02
1.1599406799131200e+00
1.0800997583336525e+00
5.5294736815114842e-01
-3.7766151319867186e-01
1.1387610061274120e+00
1.6245985056316270e-01
-4.7531541728780469e-01
1.5850361547312497e+00
1.3641814263367142e+00
2.2315846825906696e-01
4.7644506587498103e-01
3.5235495604045081e-01
-1.0026119868259245e+00
-6.7362856355755452e-01
-7.6639088293426555e-02
-9.2258321432957979e-01
1.2370755367371227e+00
-1.0482736290476311e+00
-9.3864950529903546e-01
-1.1329128081644324e+00
-9.3251865607011353e-01
-2.0057310212184040e-01
-6.3895149129873885e-01
1.5152774133780964e+00
-2.1989359717709819e-01
-1.0832744389353592e+00
1.4501919147362476e+00
1.7136044621812767e+00
-1.8941527892966342e-01
-1.3425693719465968e+00
-8.2555827984878061e-01
-2.9549510454110300e-01
3.5954498133758600e-01
-8.1096734499653611e-01
3.8750565973108281e-01
7.6880276546563364e-01
-9.5333893770917910e-01
-1.3204090645777027e+00
-6.8970920188438190e-01
-6.1194429622302426e-01
-2.4114687906531507e-01
5.3312323961455972e-02
-1.4326521434421020e+00
-8.1001566724657770e-01
1.0847498767609367e+00
-1.6307215874461261e+00
1.5345388157120943e+00
8.3605702973252316e-01
-1.4414207936414862e-02
3.0194541627540633e-01
-8.9867429608344951e-01
-1.1912192795725332e-01
1.6549886950776047e+00
1.9034448349877431e-01
1.0002787440513600e-01
-9.1869108101179653e-01
-1.3398202809946915e-02
4.6215527997315214e-01
6.5593205625070228e-01
-3.4195410931176640e-01
-4.4074538480478981e-01
1.7425735435761891e+00
-1.6007498927680690e+00
1.3808340838790252e+00
1.4797669825998430e+00
1.0677534299188760e+00
-1.3862218095822529e+00
-8.1216558075122591e-01
-5.5361457764313093e-01
6.5801638590316580e-01
-1.2530830108615298e+00
8.0402786799138615e-01
-1.3579002587186735e+00
5.6664174575213222e-01
5.1654869311693790e-03
1.0074758887636510e+00
7.8224757190932448e-01
1.4461091494685667e+00
1.4010806302865704e+00
-5.5781478352021063e-01
7.2492865776720683e-01
-1.0375582497618743e+00
-1.6260749632434852e+00
8.8441162574226462e-01
2.5742771681067003e-02
-4.4977850106518100e-02
1.4496334389564003e+00
4.1221726104043777e-01
4.3965977172441462e-01
1.2903210973276387e+00
1.1004939626856021e+00
2.9559984491655505e-01
-1.0899377393213936e+00
-8.8935609065817101e-01
1.3855625321593608e+00
-1.6326430670848717e+00
-9.8669923691613228e-03
-1.1426970967142303e+00
1.7098477789729831e+00
7.7400537404359360e-01
2.7323191046546833e-02
-7.6058462816247452e-02
-1.5237675727436357e+00
6.6591148095858377e-01
-1.5842406649003111e+00
-1.4821570233419394e+00
1.0183636653057464e-01
-1.3931961430294126e+00
1.1450336832350059e+00
1.1429175077130398e+00
8.0829248343697124e-01
-1.2062451648631805e+00
5.8721693807772357e-01
9.1088045165027207e-02
1.6897715269149451e+00
5.4987361842397608e-01
1.0823431329781168e+00
-7.9103087685582912e-02
-1.5588633321570169e-01
1.2535110294320488e+00
-1.4074552022536149e+00
-1.2291789082534128e+00
-1.0849198821062707e+00
-3.0457918866213968e-01
1.2752693529022794e+00
1.1747793501999531e+00
-1.4899504364921110e+00
-2.7473577785256309e-01
1.8302536443569054e-01
-2.1181437465754699e-01
6.4927326106567074e-01
5.4565836677158253e-01
-6.5952243900994789e-01
-1.5854188153556428e-01
-1.6513065309775621e+00
1.8229410057746576e+00
-1.1072315151653933e+00
-1.3258642613130251e+00
-3.7103864553897448e-01
-9.9621506505605939e-01
4.9632727931566888e-02
-4.8910826128484158e-01
1.7066041332698685e+00
1.5943378696649415e+00
-1.5179078699822943e+00
9.3981074976924039e-01
-7.4153708444282285e-01
-1.9016294394519939e-01
2.5833388704589877e-01
1.6747035559039405e+00
-2.0842599975667450e-01
1.8193136619951797e+00
-6.2555079188414842e-01
8.0795639227237992e-01
6.8327393338781228e-01
2.2696792603647598e-01
7.9721976922907078e-01
6.8395209096140330e-01
-1.0679039032897282e+00
-1.2476754652346747e+00
1.8768052330885348e+00
-1.0930534863710899e+00
-1.5899203562453506e+00
3.0614411548172005e-01
1.4563634382872459e+00
6.9344818257711549e-01
-1.0237813542264034e+00
-3.8356859994486092e-01
-5.4251794615137093e-02
1.8142398485303022e+00
-1.1458396298032207e+00
1.3618696045395982e+00
6.0588768448331787e-01
-3.5718411129101352e-01
-1.0220222073825342e+00
-1.7073101456102857e-01
2.2136593924625480e-02
-1.2742289794622745e+00
4.0768273336597705e-01
-8.9553163193289220e-01
-3.2724404691581821e-01
3.8429178792396246e-01
-8.0363924920382013e-01
-6.6505861255351240e-01
5.0662334227698569e-01
-7.5530569791105662e-01
1.2501481494835418e+00
1.8179180943216493e+00
9.1251646751533300e-01
-4.7338448755798007e-01
3.8817629041851232e-01
-1.3202948917613011e+00
1.5440347108582375e+00
1.4484262947791295e+00
1.2264178581633385e+00
-7.7163681616708857e-01
4.2507507306000908e-01
-1.6261064468406770e+00
-1.8146920526686666e-01
-5.8514747295352265e-01
-1.1276186081906050e+00
-1.0656307293705369e+00
-1.8998333007831597e-01
-1.3688611975024534e+00
4.4002344375259150e-01
-1.7670810673394547e-02
7.8948553690632617e-01
8.0361291845923610e-01
5.8352735700097647e-01
-1.5863225775467411e+00
-1.4600533946510321e+00
-5.6046613076943341e-01
1.9733178403282117e-01
6.4061367739973551e-01
-2.4474365827478278e-01
1.2343832936246868e+00
8.6986802972670696e-01
1.7676501583920978e+00
1.9901631422851029e-01
-5.4057303044241312e-01
-1.3279703159698562e+00
4.8462728138038375e-01
1.1065078902790066e+00
-2.8257550263961756e-01
-1.5828461650849164e+00
-8.9622601738017327e-01
-1.3372262327433233e+00
-8.3941241103407915e-01
-2.1755908314151909e-01
1.2275469386522994e-01
-1.4977892911852597e-01
1.4840037264548309e+00
8.7218822332556442e-02
1.7508013832657343e+00
5.5496570282719848e-01
1.8058070611516772e+00
-9.9694093276296358e-01
7.0512539865604140e-01
-8.0790820882501779e-01
6.8826115356124706e-01
7.7946875065889420e-01
-1.6720921279082510e+00
-9.4188910515190105e-01
-1.0620933275694082e+00
6.7272090877553181e-01
1.3629030918328031e+00
-5.9135448526873136e-01
1.1132213601426610e+00
7.0203630695440855e-01
-1.9116296433784519e+00
4.1604298519801702e-01
-4.2596672633849536e-01
1.6427885373383619e+00
-1.9333806831537490e+00
-1.3013668744092280e-01
-2.7907250850296722e-01
-1.3612847484695628e-01
1.0727237494115380e+00
-6.7731717327781993e-01
1.1297162126440830e+00
-9.5314763255265278e-02
-1.7980814116087029e+00
-1.2503758197461103e+00
8.8351840500743462e-01
-8.6992993479266686e-02
-1.3408832295561013e+00
-6.0440217709445099e-01
4.3644332202589270e-01
-1.1883356847315170e+00
9.4867784367392061e-01
-9.8856551661583925e-01
1.6483906094127672e+00
-8.8610116563869734e-01
1.0545086350979862e+00
-1.2003884196633756e+00
-8.1403136188472558e-01
-1.5817118409855209e+00
3.1455934596580193e-01
7.3343069731709698e-01
1.9878745415365354e-01
-2.7367877338674135e-01
5.8128810482888893e-01
5.9369879306694040e-01
7.1643999104919298e-01
5.4745096603188281e-01
1.7568662519899894e+00
-1.1211401692946594e+00
8.3474762471334751e-01
-1.0144396973375722e+00
-1.4711526160588346e+00
4.3610998405269635e-01
-1.7826298652327455e-01
-1.4469273610596284e-01
6.4970443480374396e-01
1.0732154557505194e+00
-5.6885546575567703e-01
6.4995792376749661e-01
-3.1108950453778256e-01
1.3532750511837084e+00
1.3180452585482463e+00
-9.3543588232715558e-01
4.6017729670456958e-01
3.3816925014417415e-01
1.7590466096787968e-01
1.4627752931881861e+00
-9.0284196936254613e-01
-6.9450818979569873e-01
-1.4718629194223223e+00
1.7359736991480650e+00
5.8562362292373371e-01
-6.3627608631649735e-02
5.6125094273946896e-01
1.9145012436183853e-01
5.9250203346708563e-01
1.8820491084142760e-01
8.8073744650238761e-01
1.0458756724059112e-01
1.9465751456302987e+00
-1.0830591974948269e+00
-1.5243079744779220e+00
-1.5090657846251960e+00
-1.6892974742321878e+00
-3.5635097475827576e-01
-1.8516164437378502e-01
-5.0788124027966663e-01
1.0467085826705134e+00
5.1660715428785209e-01
8.1448118641567069e-01
1.3975359966015533e+00
1.5421000063242247e+00
-1.2874466452460183e+00
-1.4800939214761166e+00
5.4006975958036896e-01
-1.6433843673785185e+00
-7.9187403844801663e-02
-6.1283968725204238e-02
1.1376228721968826e+00
-2.2615718405582824e-01
-5.5740843918982119e-01
4.5005922528277037e-01
7.0313343335320233e-01
-9.8584497943313976e-02
-7.2319789937558332e-01
-1.4397805006778024e+00
1.4076369682272044e-01
-1.0333207900702306e+00
-1.8223019764061390e+00
7.5269709010969899e-01
-1.1034873487047088e+00
-3.8001297905016207e-01
5.0937091341216945e-01
-6.8146197868859837e-01
6.8530953516635817e-01
-5.5287400994941116e-01
4.9349563085569709e-01
5.6827087871918547e-01
-3.8036417361879454e-01
-1.9124620908797572e+00
-7.8428494145192362e-01
-4.4558701188286776e-01
-1.0038728620501129e+00
-1.2692328452019022e+00
9.9475742329400985e-01
-4.2524768303637805e-01
1.2341424753465065e+00
-5.6564782874694974e-01
8.0409391137352071e-01
-5.4532078993816580e-01
9.4689079576181900e-01
7.5321838151660558e-01
-6.1561786832494358e-01
-1.2004973177962055e+00
8.8126579873679534e-01
1.4571571870353743e+00
-7.9621779752007604e-01
4.4945480138570265e-01
-3.9363072134616356e-01
1.0374496969589688e+00
8.0315110080371710e-01
-1.3772382946704373e+00
1.1406697138378057e+00
1.6041892020483459e+00
-1.1898579650977044e-01
1.2214938718163597e+00
1.4777307537818518e-01
-1.4225465476421817e+00
-1.2590520596209041e+00
-5.0848573444613498e-01
7.3012650188292272e-01
1.0087568072575608e+00
8.7965592221498401e-01
-8.2898589716632431e-01
-4.7801853438495676e-02
-1.6574080965043123e+00
-1.5785609252850374e+00
-1.4894506438029367e+00
4.7623098951534776e-01
-1.8874091408003696e-01
-1.2958475981914490e+00
-1.8936137511787052e-01
-1.4484391004135295e+00
-1.7841740033399893e+00
1.0998316613400017e+00
4.8225775000706107e-02
1.3857761747303117e+00
5.4152261436230964e-01
1.2879946900103548e-01
9.7183736259164955e-01
1.2024041844961031e+00
1.6007079131003652e+00
-1.9815242788335989e+00
1.1532029960036048e+00
2.3671522290561026e-01
1.6044720872240721e+00
-7.0939679363939842e-02
-2.4547458629472690e-01
9.2091718998751371e-01
-1.1576433667188233e+00
-1.7816780621646350e-01
1.2815540529632996e+00
9.9334722930255290e-02
1.0797729388381976e+00
6.9364624456497037e-01
1.4038303011308478e-01
-1.0891743263151417e+00
4.3188357589446613e-01
-1.6808496657395349e+00
2.8525679401551135e-01
4.1205256849520000e-01
6.6143176600461495e-01
1.2449471404448673e+00
1.5767570262753541e+00
1.0074176204849599e+00
3.7308655386763451e-01
1.5460538073144245e+00
3.6850067862889724e-01
-1.5357086664380659e+00
-1.1844384732104378e+00
1.3242123083643058e+00
4.4563283836396399e-02
1.2638335241026961e+00
-8.8501213826986791e-01
2.7449523823672356e-01
5.3688121858335858e-01
-1.4849572113993099e+00
4.8558231980404370e-01
-3.6760433802678655e-01
-1.4256384968924374e+00
6.2396126262863616e-02
-9.4214337314024177e-01
-1.1769171773262965e+00
-8.9823731864461487e-01
-1.0976821370676284e+00
-9.5377009543556956e-01
-1.4489045378156136e+00
5.5485288902627505e-01
-6.3997473258891580e-01
2.2818523603843835e-01
7.5763150859860984e-01
9.4677051367286200e-02
2.1873153353210797e-01
-8.7702772662429873e-02
-1.1740477801630838e+00
6.5058481818394354e-02
1.2913682132381190e+00
1.3621427626161884e+00
-6.7910848662708678e-01
-8.8820344847122301e-01
3.1740187281007171e-01
5.7214612918960994e-01
-1.8290932496608642e-01
-8.9660959915867389e-01
1.6124011823253313e+00
-1.3156055678241603e+00
-1.2356703436551115e+00
-1.1128107428296745e+00
-1.0302341453225021e+00
5.0670123048021987e-01
3.4692397886949206e-01
-1.4170312485761427e+00
1.5558209850075075e+00
8.7091083059414576e-01
9.0195391020173654e-01
-1.3787290768509024e+00
1.3165355287397440e+00
1.5666547630700061e+00
1.7357122132070488e+00
1.3114572092173049e+00
1.0633152982674510e+00
1.4290355230169291e-01
-9.9255618749752372e-01
-2.4526435820145739e-01
-1.1402351581962200e+00
-1.4886819425715334e+00
1.5826720503516178e+00
-5.7423892255330455e-01
-5.9375834990244880e-01
-4.6727788396539527e-01
-1.3696178411914782e-02
5.9881546631296889e-01
-1.5078264750390298e+00
1.2548754307278880e+00
2.9729135489446756e-01
1.2950940499092041e+00
-4.1674679127788794e-01
-8.4850443472666570e-02
-1.4097215815565858e+00
-9.9422983631349815e-01
6.4821961402390282e-01
-4.7440390415913319e-01
1.4451908004290108e+00
-1.1935836050723549e+00
1.7493049861202761e+00
2.3287018862913869e-01
7.9738022957087562e-01
1.7867518842701455e+00
-6.1974429203443748e-01
-1.9138503377102756e-01
-2.1231233916844661e-02
9.9026607468719940e-01
1.1737081035699377e+00
-1.2542282316040989e+00
-9.9081637186700688e-01
-3.7699354139605651e-01
-1.4013852225246308e+00
1.7167514726316938e-01
-4.5742829460361989e-01
-9.9909429528234928e-01
-8.8656230190881247e-01
1.4677374142392179e+00
6.9077079470603553e-01
-8.9618817746391979e-03
1.4913373792939848e+00
-1.2414118151952163e+00
9.2800724863299422e-01
8.9663058683701458e-01
3.0685752296041913e-01
-8.7846564717014453e-01
5.6104464114100494e-01
-4.7506098666019619e-01
-1.0529812545010580e+00
-7.7945574895995007e-01
1.5987394667184305e+00
-1.2714086493693320e+00
-6.7529593119974296e-01
-1.3330938655080498e+00
1.9109804618280057e-02
-1.4741501930438596e+00
1.6065803766383839e+00
-8.3502389936911525e-01
-1.1950177476756043e+00
-4.4916514068598096e-01
6.9074443203048536e-02
-1.1660932449976373e+00
1.9488362329314151e+00
-3.6298657080073204e-01
-4.8408865411628182e-01
-1.3041974120978304e+00
-4.8096175013547288e-01
-1.3588963661454116e+00
2.4114790284538656e-01
1.1333900164345907e+00
6.7905393269451642e-01
-1.2071428183214601e+00
-1.2386128501489011e+00
1.1885096295312796e+00
1.6342658939608130e+00
3.3993604022185248e-01
-1.1400060221400008e+00
1.3577872994813227e+00
-3.4205743483385898e-01
-4.9584740345707690e-01
1.0807177853256149e+00
-1.4844200673739505e+00
-1.3515908103156529e+00
8.0747561934122847e-01
5.8285120786841749e-01
3.1320518603476649e-01
1.0228470810737047e+00
9.4458015779428817e-01
1.2029268390302088e+00
-5.1674584066654472e-01
8.9327055989564230e-01
4.1974321102986167e-01
-1.3843248888900805e-01
-1.3057816934748272e+00
1.1987391184608844e+00
-3.4384839924139970e-01
5.9817951675760039e-01
1.0630840740854846e+00
-1.1551358285411035e+00
-1.0747108631093190e+00
3.9489360325913436e-01
1.7074821609626817e-01
1.5831739001115119e+00
1.2642105651090301e+00
1.0389899585664935e+00
-1.3415371506864586e+00
-1.2664159310995760e+00
-1.2118975037788524e+00
1.2620865406936850e+00
1.7662679880208523e+00
8.6254225849697874e-01
-1.0600912917333216e+00
9.9850221974981246e-01
-1.1358261495652033e+00
-1.1109429305961420e+00
7.1268033790499785e-01
-3.7441370928381723e-01
7.5831787726814415e-01
1.0905396291424865e+00
5.1216042978176590e-01
1.0588259452120050e+00
-7.0199248331531605e-01
1.0411385313618584e+00
1.8624301786732393e+00
1.5011099494659237e+00
-1.2198891700617434e+00
-2.4328641677979118e-01
-2.3365922074220932e-01
8.6711817732159580e-01
5.6358994119804229e-01
1.2307639642363020e+00
-2.3904717640528578e-01
-8.0236731277396689e-01
-1.2183834371223883e+00
1.1700141956432504e+00
-8.0359882003179173e-01
-1.6718371614812885e-01
4.0269530091618100e-01
-7.2246426231400762e-01
7.1694186819857397e-01
1.6813756172331529e-01
-9.9121179146001648e-01
1.2048609121035407e+00
-1.1697984219820852e+00
-4.9552228732038889e-01
-6.9311841266415664e-01
3.2982958490713654e-01
-1.2015415777213734e+00
-1.0778012172453805e-01
-1.1550207940200967e+00
-1.2628604267158012e+00
1.2179070998391432e+00
-6.0114535292849869e-01
5.5025681966619067e-01
1.8822368325488239e+00
-8.1053542938344311e-02
8.8692954368104482e-01
1.1207327128357598e+00
-8.0472856959736119e-02
7.4204921611412278e-01
-1.2721942034466847e+00
1.7690656470449644e+00
-9.8539563670432395e-01
-6.9486093060987819e-01
1.2673729382410077e+00
1.2238039039399523e-01
1.1608113709395165e+00
-2.1568847912065894e-01
-6.6991109967682350e-01
-1.5398545764597653e+00
8.0773441532891943e-01
-9.1832733795683824e-02
-9.9894543899110601e-03
5.7359662041632198e-01
-1.4580338585860928e+00
-5.1167555067767145e-01
1.1747031553396536e+00
8.9313306640825307e-01
-1.2147016968938016e+00
-1.1969146036483571e+00
-1.3364246174650627e+00
-1.6484178433826657e+00
-1.1565730097117261e-01
7.4232652696011570e-01
9.9090138228255142e-01
2.8332085091218334e-01
-1.2756529241697740e+00
6.5445972145058262e-01
-1.2103919754616115e+00
-1.1815908255824410e+00
-1.3133873780390906e+00
-1.1530830775678258e+00
-1.0562946234352686e+00
-9.5296021408652132e-01
-5.0551800672467950e-01
-5.0939624005449669e-01
-8.7429248046496522e-01
-7.5072896544405032e-01
1.6183416749914554e+00
9.1819465684168222e-01
3.7385187211331256e-01
-9.9656828437204847e-01
-8.9471186330834984e-01
-1.3918074476359754e+00
1.6953987989865338e+00
9.3108300235489849e-01
3.8142184873143958e-01
-5.2046875757678446e-01
-1.0638524629649213e+00
6.2024901649614184e-01
1.9690158268122173e+00
-1.0482459444901795e+00
-7.2581438435201751e-01
-2.1276322709146983e-01
-1.4041792447965806e+00
8.4759961102332304e-01
-1.9213513836927634e-01
1.9501943263648469e+00
-1.9288934971489857e-01
6.1351210384680555e-01
-1.1075288243559718e+00
-2.6980170203756304e-01
-1.0825634507783446e+00
1.1207812695069910e+00
1.5378399830221183e+00
-3.8262462371305977e-01
8.5291308101019514e-01
-5.9162923295936276e-01
2.8118020868409588e-01
1.3950502111513949e+00
5.2795223582184003e-01
-4.3970480498416625e-01
-5.7289315300683008e-01
-6.8400463930979828e-03
-1.1736885574097349e-01
-3.5003618951867244e-01
3.8337884787375570e-01
1.0633259102529502e+00
-1.1113456620984538e-01
-9.2602901335513299e-02
-1.2163973458404620e+00
-1.5870994538634058e+00
-6.0625734427980005e-01
-5.0536739234551531e-01
7.3537654691204313e-01
1.8546045524903956e+00
1.7763403587792781e+00
1.2698429570899483e-02
-7.8971683781577762e-01
1.1421346018259355e+00
1.1252654474526658e+00
1.0563232999155752e+00
1.0675444371062441e+00
-1.2863471773481399e+00
8.3824101325847256e-01
-1.4989863080106641e-01
-1.0317160319596672e+00
-1.4308188489796660e+00
1.1154712874902615e+00
-1.1621935994787289e+00
-1.2023686077125049e+00
5.6204779272665550e-01
1.3641629066370748e+00
3.7274881752191603e-02
6.9098584290308285e-01
-1.2374152746044997e+00
1.5716000462297941e+00
1.2270380411695858e-01
6.1032413691010245e-01
-1.6483983120903347e+00
1.0650037539765316e+00
8.5223813051709385e-01
-1.3547230046992254e+00
6.7079836487003733e-02
-6.3252206145381551e-01
1.4224853310486052e-01
-3.7599120310132123e-01
-3.1905479316440788e-01
-1.1420776174744911e+00
-8.7992127201716408e-01
-1.7046836564020575e+00
1.4670119061800513e+00
5.1889648861901050e-01
1.4984007178183327e+00
-1.2025706842274630e+00
1.4579570929054335e+00
1.0139204404349840e+00
2.5092201168880857e-01
-2.3146138763854021e-01
-8.7210038565397097e-01
8.6392390342578718e-01
-9.7374839190979356e-01
-1.5513866041861017e+00
9.1794716935705101e-01
5.8036200406797789e-01
7.3491987062567155e-01
4.7802180318851889e-01
-3.0516573579742329e-01
-4.0450279023159313e-01
1.0893628592195559e+00
-6.6204188415524945e-01
1.0837427334472447e+00
9.9430894481610743e-01
1.2162243391384231e+00
-1.0801542629199688e-03
4.5554790353104258e-01
1.5626003768650250e+00
-2.1766485974334793e-01
-1.5660249529049506e+00
1.2670970845289553e+00
4.3984059207462767e-01
-5.2983535927622261e-01
1.7245279638771114e+00
-9.8954465347432929e-01
5.1451082858618746e-01
3.4783670763055707e-01
-4.1685275534025101e-01
-1.2774617129089212e+00
-1.6885318970931342e+00
-2.9791740841404590e-01
-1.1302689047947112e+00
7.7201471951513978e-01
-4.7614249658323504e-01
1.1786341425194586e+00
8.0170542419013113e-01
2.2855738580312626e-01
-1.1557131035677308e+00
1.5853909321586181e+00
-8.4502996064374958e-01
1.4701911268782082e+00
-9.9095323818500580e-01
-4.6490062544828492e-01
-1.4695138231256142e+00
4.7119377436867033e-01
-1.1425021040945265e+00
-1.6185893783761476e+00
7.6287761802126852e-01
-5.5665190115624508e-01
5.4318775857843460e-01
-4.2871169188638497e-01
4.2634723355000892e-01
-1.7007713102873179e+00
1.4209868632716198e+00
1.0346430883142299e+00
8.4250542152179086e-01
1.0787314602672873e+00
-4.3068634593810129e-01
3.9099244722896370e-01
2.4425181678244359e-01
8.4662075739512330e-02
-8.1079738912702881e-01
-9.0365361396250754e-01
-1.9071272820100807e-01
-9.7710802871574065e-01
1.0483074583726293e+00
1.6862521590495840e+00
-1.6714749450105535e+00
1.0437230873211009e-01
-1.4709997929149898e+00
1.0400260034347755e+00
1.5595464178988123e+00
-1.5020264389366291e+00
1.3943947119198343e+00
-1.6639319066794265e+00
5.4597144964938460e-01
8.7761864475286400e-01
4.8984539065002233e-02
1.2149929498871435e+00
1.2602939629395984e+00
3.5374812339384198e-01
-1.2665727033606808e+00
-1.0012074459193046e+00
-1.1195954670570218e+00
-1.5854426172756877e+00
-1.3692472038639285e+00
3.2222887932682404e-01
1.3952666681227508e+00
-5.4753447990070503e-01
-3.6104664321715840e-01
1.5436260407508102e+00
1.4149142091135585e+00
5.2208857250958574e-01
1.5567489443127871e+00
8.2149605837775408e-01
-6.0648351005288537e-01
4.7473797565783754e-01
-9.1368360599608300e-01
-7.4323533728142499e-01
5.3381994723703230e-01
2.8100154727806227e-02
-3.5784489016685012e-01
2.7639728889913795e-01
7.6734467887342528e-01
2.1297116767693081e-01
1.0759653834597784e-01
2.1309547825977757e-01
-2.5106986678168318e-02
-1.4500823122494644e+00
6.6459519196227634e-01
1.5828226441993132e+00
-5.4727362504752186e-01
1.5001670407868504e+00
-5.7411651942469710e-01
1.2189250311592101e+00
-2.1475432294768318e-01
-3.5175700700283019e-01
-1.0014382605479000e+00
-1.3071228504579957e+00
-6.9872480092089595e-01
6.8628815985968650e-01
8.7474893189499314e-01
5.7900076725643335e-01
-1.6917366904813307e+00
1.0750736438280080e+00
1.3377367272397622e+00
8.3518329917818934e-01
-1.5826539593358007e+00
-4.6875279111549750e-01
6.1403198944899695e-01
6.9760428962920107e-01
-9.7970975185469333e-01
-8.3105406725810926e-01
5.1009220424587498e-01
-1.3907030951847865e-01
3.4637399994979057e-01
-9.3931412136875092e-01
-1.1362522849415728e+00
1.0300232660041839e+00
8.2179577796353631e-01
1.3780606929980519e+00
-1.3661024754763855e+00
-1.1193085322890186e+00
-1.3952960948954927e+00
-9.8330269110669499e-02
-1.0827308670440927e+00
1.2499581511828231e+00
-1.3953147948207643e+00
-1.5776551896006528e+00
1.2586455023367527e-01
8.4029869796588963e-01
-6.8868067622751628e-01
-1.1300815738512768e+00
-5.9899252597228569e-01
-1.0266241705008277e+00
-3.0642526299538640e-02
1.2847262409827851e+00
3.6366227095738773e-01
-1.3872002566277442e+00
-4.2669472712575646e-01
-1.5429591607780129e+00
-6.0088401830564214e-02
-2.9102382859089071e-01
1.5874845221997649e+00
9.7013027232663140e-01
-1.1198198262705275e-01
1.2451648729860305e+00
-1.2676430192618766e+00
-4.2951607349223203e-01
1.3544164714640989e+00
1.3216746827075425e+00
6.4468888629921095e-01
3.2851636233713671e-01
-5.8461017718982788e-01
1.3832033380903974e+00
-1.3100461445645535e+00
