tensor
4 
3 5 7 11 
-1.7777771855806859e-01
5.0523289635074786e-01
-5.3357946895902764e+00
5.6211218396300489e-01
-1.5455084862306183e+00
-5.5566423651975647e+00
-4.1994612752337614e+00
-2.1865902513433646e+00
8.9309391556673012e-01
9.4845656125025679e-01
-5.1060981247000852e+00
9.9123833121131089e-01
8.9054476635363622e-01
-2.6478834254595380e+00
-2.8610164918156195e-01
-1.1490130668805221e+00
1.1080328435279496e+00
5.0916782820678792e+00
4.0954876092555752e+00
5.4445549401319795e+00
2.9949551869631486e+00
-2.0052564977411880e+00
4.5545337532416932e+00
5.2389173220038963e+00
3.1803935168859816e+00
3.8175275697028339e+00
3.6997243668508357e+00
8.6985436718248743e-01
2.9928357691872551e+00
-9.1272098458432516e-01
-1.6493525408805279e+00
2.2691613461591129e+00
8.4470235855963360e-01
2.1858260134959129e+00
1.8896452416868756e+00
-2.3317472292087054e+00
-1.5841568582142900e+00
6.1119737192016088e-01
-3.0684983455802390e+00
2.2539732816442881e+00
-9.5800237354549511e-02
2.3656308554865513e-01
-1.9949950615782657e+00
-2.1675127210816250e+00
1.3680733699278522e+00
-2.5394532954807131e-01
-3.9976464532552952e-01
2.6277591237987741e-01
4.7089155277054007e-01
6.2048574305249249e-01
-9.5943637928630654e-01
3.7298544787341509e-01
2.9177261068110150e-01
-1.3337806881232348e+00
-1.4777379378114004e+00
-2.2556037674675017e-01
1.2973199076668567e+00
-7.4700067698820316e-01
6.1283345686526186e-02
-1.1317766927056778e+00
1.2723483753060989e+00
2.7896711672245922e-01
7.8121547842360495e-01
1.1678585851250041e+00
1.5519127059683260e+00
1.6888320337968277e+00
8.6381869613447682e-01
4.5782260543490105e-02
6.7143693379607475e-02
2.8379843931813503e-01
1.4514357865525238e+00
2.7733954410100559e-01
1.3985156631519891e+00
2.5580263298362310e-01
1.6287136491696803e+00
-5.3425394230015677e-01
-8.5316346462925852e-01
-7.3987639263575522e-01
1.8912358735629308e-02
-2.7789077878572083e-01
-5.3076991492781123e-01
4.6546891617556724e-01
-4.5083447091108113e-02
-1.1897553980630851e-01
6.4503015813745146e-01
-6.6761706016006395e-01
3.1238837163924960e-01
3.0517154743771241e-01
-4.7092033702479102e-01
-8.1347984328514672e-02
1.9979741752292359e+00
2.0567043106623824e+00
7.7816633119445944e-01
1.1222992839179669e-01
-3.0294109427841864e-01
1.8530485109321935e+00
6.7620956344646710e-01
9.4281242861799930e-01
2.1694448308973220e+00
1.2974534416923522e+00
1.7665088415358334e+00
7.1696931180598500e-02
1.3669177004490793e+00
7.8423775691711917e-01
1.7572145663147491e+00
-1.7733378503775941e+00
-4.3159130669701371e+00
-1.3826098960988198e+00
-1.1190948492601414e+00
-6.7706749544425171e-01
-2.9091383181633130e+00
-5.6595348771179586e+00
-4.5708699633626901e+00
5.6182347471768634e-01
-5.1453610222818975e+00
-9.4578189454188596e-02
-2.2506332622969834e+00
1.1828024878547156e+00
-5.7018786680083986e+00
-2.9681131743711209e+00
-1.4331534777199881e+00
5.4639552926182366e+00
-2.2558800099703458e+00
3.9559973872644449e+00
4.2978729230394528e+00
4.7123185276988249e+00
-1.6123214241286148e+00
9.3078659128929675e-01
-1.9753293134621031e-01
4.1588837021871576e+00
1.1858755990768959e+00
5.0506467658157161e+00
-8.2675088106012251e-01
-1.6581925318449606e-01
-1.1195564101925117e+00
1.6633454691220773e+00
-2.5981357258267428e+00
-9.1505826387043998e-01
-7.4160329158060623e-01
1.6116988226419200e+00
-2.5036265961815758e+00
-1.1611987799654966e+00
4.1444498879972136e-01
-5.2882285583759570e-01
1.1887295067169136e-01
2.0126563191622080e+00
1.0597853231590331e+00
1.7374460282881177e+00
1.3853048228520137e+00
1.0595739291753339e+00
-4.9323782570249952e-01
-1.7066197522636968e+00
1.1090876394930926e+00
1.2479519833315942e+00
-2.5031555207215561e-01
-2.5563449118227871e-01
-7.5580140995766165e-01
1.1003002854383925e+00
-6.5173876767426620e-01
-1.5034667122090075e+00
7.0486961471092735e-01
-5.8410047787127373e-01
-1.0727621934183720e+00
-5.3731852666991897e-01
-1.5521463113200551e+00
3.2466054214527251e-02
1.6543143186831988e+00
1.6825116635921029e+00
9.1986335283079856e-01
-1.1207238409852484e-01
2.3829423856456655e-01
4.7529905429947195e-01
1.4123485368413500e+00
-2.0091737397814616e-01
-1.4561889872303502e-01
1.0657692062503145e-01
1.0678316333063960e+00
1.2332181650093694e+00
1.0650897463609255e+00
6.7103372705529152e-01
-1.2461969628845186e-01
-6.4582441417571046e-01
2.8638423454428164e-01
-8.6904825113153272e-01
1.6596842689805494e-01
-8.8036655981466394e-01
-4.9578893077099978e-01
3.8817388445287634e-02
3.6026415459793593e-01
-1.0932356569750410e+00
6.7037914095881479e-01
3.5087754017406103e-01
-2.4981718917767209e-01
-3.5571190116115159e-01
-3.3299743772748142e-01
1.3799634161746017e+00
8.3792800775034693e-01
8.3186062723201970e-01
9.1085135080072304e-03
7.0230629926087140e-02
4.7379147473339794e-01
1.1862179254845728e+00
2.5322585956287960e-02
7.7272869937532707e-01
1.2609767481075693e+00
-3.1632278896977689e-01
-1.4724773130053054e-01
7.2626094945672282e-01
5.3235771537130117e-01
6.2735474182833306e-01
-4.7301297382281655e+00
-4.0288507556795263e+00
-2.7562754762133839e+00
-4.5595360481470975e+00
4.4110167683184542e-02
-4.8274645816698571e+00
-4.5937838290001753e+00
-5.0078860656008661e+00
-4.5807149768777684e+00
-3.0204599699404735e+00
-3.9549312198262254e+00
6.3714043971227907e-01
-3.0616445894574102e+00
-4.9020742142847551e+00
4.9840064603886691e-01
5.6079086612142230e+00
1.2460055372365058e+00
-1.3971338543821450e+00
-2.1209501898042282e-01
1.0028604385653641e+00
2.5042749195611864e+00
-1.7865120179931143e-01
2.5683634667256690e+00
3.4423328747867075e+00
-5.0498049918034038e-01
-1.3463403119650517e+00
9.9284051221171329e-02
2.7752864722420029e-01
1.1274317655801294e+00
1.8023604012739747e+00
1.9571571094100553e+00
9.2863171050364823e-01
-2.2013077670101375e+00
2.2843455439042715e+00
-2.9443084833914797e+00
-1.7904951669228513e+00
-3.8561237829036926e-01
-9.0820288034146546e-01
1.0750857893718180e+00
-2.1264700664838676e-01
-3.1432781309450819e+00
-7.2385069685909709e-01
-5.7465782116458419e-01
1.1081512657619081e+00
-3.8729070443723518e-01
1.8932551800984126e-01
3.7111349765979623e-01
-5.6503433926372482e-01
-6.5771348649649608e-01
1.3905254436082850e+00
-1.7459495483114811e+00
1.0511664822236422e+00
1.1439784905811923e+00
7.5745584958630918e-01
-1.5446941266366541e+00
-1.0061542455974897e+00
-7.6359956286208952e-01
3.7306887169235375e-01
-1.4197925068584625e+00
5.1004675337872740e-01
-1.8009518552497394e-02
1.0771250857224548e+00
7.5762461283838611e-01
1.3279757939098065e+00
1.1998126657074686e+00
1.5775741197805873e+00
1.5519512498089745e+00
4.3726830247304893e-01
1.1671961126726813e+00
1.6427677002763286e-01
-1.7061070794409378e-01
1.2579477390940463e+00
7.6933383848234838e-01
7.2909122492779432e-01
1.5795795690587235e+00
6.0676430585025936e-03
2.2284057439521769e-02
5.2495951278491737e-01
4.1278626772122312e-01
-6.2844285798386343e-02
-8.8159049547364454e-01
-7.6306215929447652e-01
5.8123987981328207e-01
-1.2022876278587642e+00
-2.4335170620641883e-01
-9.1276722022055601e-01
7.7286753373094108e-01
2.1985660814804647e-01
-2.2137516651876687e-01
-2.8246577727738914e-01
2.0415050870545746e+00
3.7283302008922786e-01
2.0875893565799424e+00
2.0097952520628688e+00
8.0269345352802923e-01
1.9420015104279138e+00
7.7120064640448082e-03
9.3246642534728780e-03
2.6432981214169504e-01
1.7995332000011455e+00
4.3280317201897101e-01
8.1088434506491058e-01
-4.0741222008905176e-01
4.6126111168305506e-01
5.5486117423131656e-02
-2.8847175367172277e+00
-3.0452637763971602e+00
-9.8352048119752677e-02
-5.6621715957688377e+00
-5.2894133406547112e+00
-4.9877818580583160e+00
-3.3561659614296153e+00
-5.2857526616166280e-02
-2.6297227167414111e-01
-5.8346610439168796e+00
-3.2937663148449765e+00
-2.3366326386298693e+00
-3.1622038286723617e+00
-1.3617539910053800e+00
-1.5784025780623625e+00
6.1447177969832206e-02
1.1877896452397685e+00
-2.1683570020117346e+00
5.6427096832499686e+00
-9.4512630663461350e-01
-1.4366730204699443e+00
7.1003831161298070e-01
-6.9553070764753999e-01
1.6558235833874644e+00
4.4458525096079515e-01
5.3811523073068663e+00
5.1287467828740816e+00
-1.8684400197771522e+00
3.6571892940266126e+00
-1.2294436519670425e-01
-3.3389313809206300e-03
-7.3004151612243240e-01
-3.0249952999297638e+00
2.6252827013779938e-02
-3.2593080767759703e+00
7.0212307548119346e-01
-1.6205987454735502e+00
-1.4185748762231989e+00
-6.7921902783844845e-01
-1.6032021192817301e+00
-1.4196736997321666e+00
1.4188709479611781e+00
1.7101560802099816e+00
-3.3524620757062786e+00
1.4596209951577428e+00
-1.7629087361735409e+00
-1.8157953374370001e-02
1.0402691696377999e+00
3.3823766730327154e-01
-1.2419499387936359e+00
-6.5282877712064669e-01
-3.4979279788277129e-01
1.3695855806711112e+00
-1.3542674654575837e+00
9.5331632976377945e-01
2.5766485458014521e-01
-6.2854987842337573e-01
-1.2403311790527800e+00
-4.5697650034164239e-01
-2.7950051474109194e-01
9.7189411789218826e-03
9.4849102745013936e-01
2.2109180712306767e-01
5.3828593670755431e-01
9.3543518956936789e-01
2.7238225429044122e-01
3.4973211302127682e-01
1.0037154968059914e+00
2.9936000136118651e-01
1.4187196430592848e+00
1.7356248477572631e+00
1.2302678973136258e+00
4.5671651466010427e-01
9.3760335480843526e-01
-1.5993105574248035e-02
6.2239812603233302e-01
5.6698100248524463e-01
4.3829914094019523e-01
-7.1982529289196850e-01
-2.6179970280465037e-02
-1.2150981049746754e+00
-3.7774880268333821e-01
-6.1173122129339230e-01
-9.2616159421462940e-01
-8.9023180811555491e-01
-3.8268381077071223e-01
-1.0659920707037758e+00
-1.7515506005551327e-02
-2.8280699481476596e-01
1.8504180835577799e-01
3.2479623627299076e-01
4.8930875399400880e-01
2.1112573881706855e+00
2.0168719998193989e+00
1.3444364038160173e+00
7.7798741887658407e-01
4.4663710286886360e-01
1.1084359206082601e+00
2.7981982893128814e-03
2.7527097394193584e-01
-3.9581529529381215e-01
7.7672824357297177e-01
1.3295664414323396e+00
1.9181407623942455e+00
5.6323591366471959e-01
-4.4718805377026616e-01
-3.1123030383689958e+00
-5.6070206659665294e+00
-4.2896615688064754e+00
-5.1357708003812066e+00
-4.1806581825634579e+00
-2.9875616191477454e+00
-2.3346308079453899e+00
-2.8575176598966454e+00
2.7708078044417789e-01
-2.4028104321460027e+00
7.8896252681548651e-01
-1.5053846717052752e+00
8.9449719602193445e-01
-4.4828946256032252e+00
3.1593222320960752e+00
3.7902861547792134e-02
3.1245309485130215e+00
3.3126940923547044e+00
-1.7449262913575259e+00
-2.3850247605366620e-01
-4.8648625276590834e-01
3.0924711047280899e+00
4.5163311067467413e+00
4.8465763561940017e-01
4.0012325723082682e+00
3.1529493725460949e+00
-2.2390970996361870e+00
2.5629392829063491e+00
8.2585597505078046e-01
-2.8695495926872607e+00
2.4474832921296512e+00
-2.3357205883452017e-01
-1.2134926112616764e-02
-2.2466349530957380e-01
-2.0219797387456171e+00
5.7997351402417197e-01
-2.1067158858657637e+00
-2.8534514466804350e-01
2.2463209220788882e+00
1.4319946238589243e+00
-1.7406700533942923e+00
-2.9771791587397967e-01
1.5665606481739314e+00
4.7156381397929470e-01
1.3429983181003832e-01
-1.2376194487581875e+00
5.6681675472624893e-01
-1.0689389425598610e+00
1.1576352169198394e+00
-9.8242082650111562e-01
6.5617740169954408e-01
-1.2477964509029869e+00
-9.2156704090588804e-01
-1.5697755949394048e+00
3.1384311573924850e-02
3.8506790830094084e-01
-6.6370330666267185e-02
-4.6530798574687637e-01
2.5660283387413207e-01
1.0648328121216923e+00
1.1276967076430489e+00
1.0411462373235387e+00
1.6605678938515691e+00
1.8655022128826945e-01
1.1882898812824141e+00
2.4119859878055711e-01
7.2856691552609402e-03
9.8412114735010647e-01
6.6946006477685627e-01
6.8665361306831740e-01
1.0935170100000446e+00
1.3104250491149199e+00
4.6941179076991951e-01
1.0936468384846540e+00
-3.9667009887421106e-01
4.8854797817186463e-01
4.6981046709937208e-01
-7.2873839368226012e-01
1.3540099569524648e-02
-5.1351770417169713e-02
-1.3765470633918836e-01
5.4678737850640524e-01
-7.1140281605369704e-01
-6.0059726741476893e-01
-1.0140454248975823e+00
6.9209218372140280e-01
8.0260671866310279e-02
-2.6505365529929792e-01
6.7297684273834660e-02
7.4084746749868302e-01
4.6576561255538051e-01
7.4307336228839571e-01
2.6806469085925072e-01
8.0042657133923045e-01
-4.6299431843140310e-01
1.6150345251816733e+00
1.9176874469313114e+00
1.9072328155908447e+00
2.0308538890006860e+00
1.1165847201205017e+00
9.9916580880368877e-01
1.2205194616672288e+00
1.5422494351573632e-01
5.1782197651060757e-01
-4.9835188101820171e-01
7.0819476940799164e-01
1.0073488431861695e+00
-4.8479840947040502e+00
-5.2466394557241429e+00
-1.0662061926587343e+00
-5.5845451501944998e+00
-2.3476683180545681e+00
-2.3106197776818607e+00
1.7034257408473494e-01
-2.6518007819835683e+00
-3.3372768047334254e+00
-1.2524698281910720e+00
-7.2876976994218379e-01
-2.3878077672173328e+00
5.1086929245035217e-01
-1.0836027527940446e+00
2.4332751822940764e+00
-1.7918692563866420e-01
-1.9347534765851071e+00
3.7948916761560674e+00
-3.3531493663190393e-01
1.2744920217964257e+00
3.2534652084810864e+00
6.0373612831407775e-01
3.6449472421727869e+00
8.8985795312087757e-01
3.2181410264528720e+00
3.3845238582127921e+00
1.2737105767528139e+00
2.3403884563061053e+00
5.3123382517567908e-01
-1.1905103090072545e-02
8.8336691322128724e-01
1.3089004765266843e+00
-2.3216538926704557e+00
-4.4521426683732844e-02
-2.7055338318837392e+00
1.8062546088839074e-01
-2.0159042364631095e+00
1.4802884570545610e-01
-2.2448945549012254e+00
-1.9343197969107464e+00
2.6075784840053579e-01
1.1986755904861581e+00
7.3838879697658089e-01
1.2628603635660285e+00
-7.8931671752366572e-01
3.4513306359884621e-01
-4.2267557855229110e-01
8.8062744725165798e-01
6.6724875419930962e-01
-1.3184594283763567e+00
9.7463122132401014e-01
1.3967642781227010e+00
-1.7255297399251801e-01
1.0482388036122654e+00
7.0387702467420460e-02
-1.3597222270539462e+00
-1.2108257302429855e+00
5.8300406061097687e-01
1.2672203380053932e+00
1.4211372659357393e+00
1.3498212201376181e+00
4.0595799097853197e-01
8.3748839466927461e-01
-5.1667032185980302e-02
-8.1114169640424220e-03
4.1113597358401130e-02
1.1269670470851034e+00
7.5963287493258580e-01
1.4806099483697860e-01
7.5929012880985014e-01
6.3768601664886015e-02
-1.2169322305641478e-01
5.0680976698297364e-01
-9.6446618653745139e-02
6.7084256280628762e-01
1.8653436521579919e-01
-5.0225314597298482e-02
4.3338551266102249e-01
5.6565075521687169e-01
7.9413870001134457e-01
-1.2608178884689394e+00
5.3742636856729087e-01
1.1680831516390110e-02
7.9629802805074856e-01
-1.6480618398769153e-01
-2.6492857631189787e-01
4.0417502641308051e-01
1.5904575513646124e+00
8.6585132070800275e-01
-2.1403632206770312e-01
6.6055772304074845e-01
-6.4760670464011003e-02
2.2089199896014480e-01
6.3019059562888169e-01
1.5398048395622466e+00
4.1454140515325844e-01
1.9775203423899936e+00
5.2301443298064576e-01
4.2921218623363122e-01
2.4472394824350938e-01
-1.8695489404069571e-01
-4.3242453142798792e-01
-5.2048659165346012e-01
-1.9273534665257168e+00
6.7414102275444621e-01
-1.9375243635623089e+00
-6.1608222459803139e+00
-5.3817489434266834e+00
1.8212435705767874e-01
-2.6559769417976415e+00
4.8211774191921034e-02
-4.7176588266699966e+00
-2.1460166589984904e+00
-1.5640774105409383e+00
-6.0482618737974585e+00
-1.6778519443894935e+00
-3.5701131154938341e+00
-1.8937981212483030e+00
1.6548748066714687e+00
-7.4075636419399304e-01
-1.3006461880834195e+00
-6.3604897060524856e-01
-1.1116860402930793e+00
-7.6848383370836659e-01
-1.9492831000782158e+00
2.8292883283702444e+00
-2.0142974085462791e-02
2.0502495623723642e+00
3.3128758648695111e+00
1.7318585295121127e+00
2.0277043220729918e+00
1.2969181497240019e+00
1.7338812924070737e+00
-3.9577357724190887e-01
-2.5034350194814694e+00
-2.6250754052617737e+00
8.8322795540108368e-01
1.2425999619619617e+00
-8.2947676149487970e-01
-1.2673063187809859e+00
3.0409280062254462e-02
1.2570476330744498e+00
-3.0551951444292298e+00
1.9771769976091951e+00
1.8397921383511422e+00
1.6286330511856755e+00
1.4867084573102698e+00
1.7908855663169876e-01
2.3133809981348605e-02
-1.6986206189224349e+00
1.2031092095955105e+00
5.3458481996571505e-01
5.6488522610390290e-01
-1.6612347869134996e+00
9.6954840958706356e-01
1.2136838007589603e+00
1.3786967268149901e+00
9.6459158358994923e-01
7.2238621038824957e-01
-1.7600563957181392e-01
-1.2843006832460397e+00
-5.5488703557806518e-01
3.6386064576915414e-02
-1.6991277422333401e-01
1.6484904675241472e+00
3.7148563046264449e-01
3.5992910195745681e-01
4.3481219580063035e-01
7.0335644230437022e-01
1.0659955789659703e+00
-1.8124734522389210e-01
1.4544176132940323e+00
8.8747743259411693e-01
1.4782291529818778e+00
4.6472926265900105e-01
6.6122937178473706e-01
-1.2316408398119133e-01
-8.9368030764834983e-01
1.1613794944375373e-01
-5.7407855875338998e-01
6.0613540674321986e-01
-1.0162479003809337e+00
7.9311227649628990e-01
-1.3922907737718515e-01
2.0784555894582224e-01
8.1613554909407893e-01
-6.6343739846634453e-01
-4.0007160690425836e-01
-2.9545687214267863e-01
3.2643651338468849e-01
4.3922117768333857e-01
-1.0535337060741969e+00
1.7237843803323627e+00
1.2370928547331994e+00
2.0493186719401599e+00
8.0206113568297677e-01
1.3008684440506351e+00
1.7303478298748225e+00
1.6411227883564727e+00
-2.2556848425494666e-01
3.9047746683830631e-01
9.4528570615823870e-01
-2.4428056602580397e-01
1.9224779977203474e+00
2.0237600505191308e-01
2.2725412075506798e-01
6.9487692324217309e-01
-4.9067408752047994e+00
-1.8091172170782248e+00
-4.0386707889116504e+00
-5.2822739147183855e+00
-4.6936855010438956e+00
4.2385608483219134e-01
-5.7522989443558767e+00
-4.4695482244019171e+00
-5.8850368528095336e+00
-2.9752847564191440e+00
-6.1885702286049913e+00
4.4072862007317426e-01
-4.8132603444774293e+00
-5.5879164690977596e+00
-3.9829465708992591e+00
1.3846153508212444e+00
-1.4733418186791476e+00
5.7340480110400929e+00
3.8490342147786127e-01
1.0469485501407005e-01
-1.7928901668688941e+00
1.1192995170228609e-01
-1.9194537657857225e+00
1.7827625678861179e+00
3.8472512764412401e+00
2.7959988187452254e+00
-1.5683231912542777e+00
-1.6411392177297273e+00
3.9747882051794332e+00
5.0061884951529434e+00
-6.4809870368302813e-01
1.8197711140934572e+00
-2.3454113658445670e+00
4.8915602798157626e-01
7.4560770368861773e-01
-1.8833855144273641e+00
2.3940969939151957e+00
2.1725982455866975e+00
-1.4277419378804712e+00
-1.0531706492417294e+00
-6.0352380448297804e-01
-1.7868835174986228e+00
-1.6563699098353299e+00
-2.0871745969643341e+00
7.8045678578419275e-01
4.1533125069994226e-01
-3.3110020515520963e-02
-5.6171522364212634e-01
-1.6672217218638476e+00
7.0461698899460645e-01
-7.5624880694402408e-01
1.3587325777495651e-01
5.7614854743108157e-01
-1.5245566290533785e+00
-1.4483923402914385e+00
-5.6643169603112983e-02
-2.6891399745953898e-01
1.0686855535575193e+00
7.6661995214664991e-01
5.5333086685143007e-01
-1.2898535969639396e-01
-8.5833470951077198e-02
-5.4516445971303111e-02
1.3666144253305956e+00
1.6562314182676183e+00
1.1371041683220646e+00
3.2685609706991331e-02
1.2152036607699259e+00
-1.0818771309133814e-02
3.4748983421744573e-03
1.0510189721536858e+00
4.2655944343512969e-01
1.0772345478863299e+00
1.2680727179066573e+00
9.3583430377184074e-01
2.7669464889376799e-01
-7.7367614603125334e-01
2.6614367859214272e-01
7.5606401704136639e-01
5.4052775831854372e-01
-1.0826140499818873e+00
-5.0004687913016976e-01
-4.9430402376753518e-01
1.6233632705318865e-01
-1.8725609540655736e-02
3.7925983721442280e-01
-4.9751806968002577e-01
-8.3355216033281010e-01
-1.0817158438529464e+00
3.4302113043193949e-01
1.6498961841657840e+00
1.1603112084912202e+00
7.2191148635345526e-01
1.5874805371702514e+00
4.8016612698044836e-01
9.0235337771688207e-01
1.7942241416457352e+00
1.0481703205224771e-01
1.9316082650368924e+00
1.4128973435458920e+00
1.5649051975856050e+00
7.7796603248553287e-01
1.9560278176773247e+00
1.1146128786536997e+00
1.9202400486288476e+00
-5.4460658913548965e+00
-4.0499576502864876e-01
-4.1014207140450676e+00
-1.7617016418131399e+00
9.4496255784723771e-01
-3.0445626012942730e+00
-1.0775622401106917e+00
-6.0246001515413161e-01
-3.0433826121545393e+00
-1.3719678558614814e+00
-5.4650326919680907e+00
7.1499184261593363e-01
-4.8822406037929245e+00
-4.2918564537764201e+00
-3.0447818021988177e-01
1.6390183151073630e+00
3.9079959836768428e+00
9.0033588966170375e-01
-9.2143150264115195e-02
-1.9929746534818285e+00
3.1365208037413539e+00
1.1709614059755229e+00
1.3497894424778973e+00
2.6249283744152376e+00
-1.8141959140569330e+00
2.5360243493047901e-01
3.9383496125371202e+00
3.3231173478113050e+00
-1.2825137404044260e+00
-1.2436488392999974e+00
1.9174232660818997e+00
2.4087218232161525e+00
-4.9300780528801031e-03
-1.3560049786934776e+00
-1.7474380535642160e+00
-6.3320458552616576e-01
1.8217255305212376e+00
-1.2176403246537442e+00
1.7189585238234693e+00
1.6736050923897341e+00
1.8811463166159343e+00
1.6287136835280998e+00
1.4763000286395203e+00
1.3135783988155205e+00
6.0898710446512860e-01
-8.2607483583727959e-01
-1.1524015950927804e+00
-1.0418987261850721e+00
1.0767614816346329e+00
4.5061990457095502e-01
-3.6185924572982225e-02
-1.2617528637698003e+00
-1.1706626520490906e+00
-1.6152153032120040e+00
1.1456736784897634e+00
4.6214595378089457e-01
-2.9416093415899045e-02
-8.3597698981887003e-01
-1.3219251141735908e+00
1.8416707639466390e-01
1.7461785392561047e+00
1.0946392265975055e-01
2.8436702597991859e-01
5.6267179096143016e-01
-8.3612210371094980e-02
1.1378659529478938e+00
5.7386150431185223e-01
1.7359688102954023e+00
5.7345238212526450e-01
1.0108851095214282e+00
7.7305905442575096e-02
5.3173125191355741e-01
9.0848380355400798e-02
1.2860534313028971e+00
1.5122870643543753e+00
-5.3260526266042629e-01
1.6339091981254578e-01
-6.5034056899594983e-01
-1.5867444088998514e-01
4.6878457272388607e-01
-1.9664204154670770e-02
-5.6475935080171358e-01
-6.3978626533397298e-01
-3.2092039845347314e-01
-3.8318286852243405e-01
-5.1424772836150690e-01
-1.0110447563678542e-01
2.8191949675233008e-01
-3.7967100344740723e-01
-3.6923184974283246e-01
1.8665443509318405e+00
2.1358437910976109e+00
1.4233033838940730e+00
1.3500110907394500e+00
4.4866297051119175e-01
-3.6440895111232124e-01
-3.0755331664119262e-01
9.7365813025810510e-01
1.5565789651035458e+00
1.5317040626483694e-01
1.6542513514409748e-01
2.1550869640190218e-01
2.0735701369476350e-01
1.9173599520763092e+00
3.7393627594831746e-01
-2.8137461441837024e+00
-4.6969729557335258e+00
-5.5493048836242806e+00
-1.1139693501194539e-01
-4.9756234486075099e+00
-5.0614219966523493e+00
-1.2932991770306146e+00
4.1971384185599908e-01
-2.4140146614650311e+00
-1.0179365080674383e+00
-5.1362683567488308e+00
8.6272073021967188e-01
-2.2315709527473779e+00
-1.1901992545178326e+00
-6.0139719201720547e+00
4.2325557201885839e+00
3.7439693598003134e+00
-1.3240068059042722e+00
1.9409636534674988e+00
3.3442618995288248e-01
2.1135780039368095e+00
9.2351326319250671e-01
1.0542597289624078e+00
-8.3569655113562868e-01
-2.3369133714905524e-01
-2.1276422725481177e+00
5.1557109589810803e+00
2.9784971141774954e+00
5.2277909547337051e+00
-9.7461037956803942e-01
-2.8992256310030315e+00
-2.1643625363840151e+00
-9.0163031953131778e-01
-1.0330487578627226e-01
9.5692732350627496e-01
-1.9161242012027775e+00
1.1251507528637827e+00
2.0811191439456729e+00
-2.0055305692645145e+00
-1.4468404749185080e+00
-1.7026276300652519e+00
-1.2774714908407443e+00
1.8672904817140252e-02
1.8307180032653689e-01
-2.2892167551182756e+00
-8.2277787589848461e-01
8.1804331075288561e-01
7.3398663290794219e-01
9.4255960174770870e-01
-2.0155576233532460e-01
2.2761802238775691e-01
1.2681101510649961e+00
-4.0511854429234301e-01
-1.6724099305190765e+00
9.9037367779022811e-01
2.1285509621510479e-01
-6.9852012677650677e-01
1.4203020152811248e+00
-1.1305898918639612e+00
2.8303586470457326e-01
9.7948971326873790e-01
5.4354404188342098e-01
5.2915142212269083e-02
-1.8143393163852858e-01
6.1134849346531672e-01
1.3682903231237231e-01
1.2213114947007813e+00
5.0974325436894574e-01
1.4531232116705168e+00
1.2382380182246659e+00
9.1148916330113661e-01
1.2232342074833681e-01
1.6850132406776888e+00
2.9944234011190307e-01
1.6193384028666398e+00
-7.9666369712803387e-01
-4.8522876075732424e-01
-1.0799822886756438e+00
6.8960103218297847e-02
-8.8638402218458157e-01
-1.1682383583914577e+00
2.4164347573445130e-01
-5.3954757226057781e-01
1.1158215536398942e-01
-4.6380410104022701e-01
4.2409945975192674e-02
-1.2168919039036188e+00
6.3125889814106262e-01
4.0253472482098285e-01
2.8878491998564809e-01
2.1213987809057675e-02
1.1736243565855460e+00
5.4628899777593243e-01
6.5832254034589344e-01
7.8016612240259231e-01
1.4638315514765292e+00
1.5347254258338625e+00
9.9040928904353676e-01
1.5908064054314466e+00
4.4442106027181065e-02
-4.4261594028958512e-01
2.1209416872492461e+00
7.6511775290655937e-01
1.9678829098801291e+00
5.0764831583818212e-02
1.1303790330148800e+00
-5.7860980396661095e+00
7.5728061552419035e-01
-6.1518627978310461e+00
-1.1594139450254046e+00
-4.1018133537809937e-01
-2.2821697092088069e+00
3.5198953413531081e-01
4.5433020437184751e-01
-1.5936705481020235e+00
-5.2541785198832516e+00
-4.6546851206386233e+00
-4.9221385088704048e+00
-5.9745456487715547e+00
-5.4861330941780215e+00
2.6780435869398431e+00
5.2846248789978736e+00
5.6524856298827786e-01
1.0182574983410222e+00
5.6450136455740250e+00
5.3323519146310252e+00
3.1635349114077460e+00
5.6768912879826061e+00
3.8908438277524628e+00
4.2205189201916188e-01
3.0485126995059231e+00
-3.2418652694881911e-01
8.9859719263860341e-02
3.1920323065731089e+00
1.9635576303390216e+00
6.1999938465066268e-02
-1.0483480670267631e+00
-1.9078343535776507e+00
-9.3730993440229526e-01
-7.5283385670060832e-01
-9.3752756106334245e-01
-5.2051393349826736e-01
1.9741459343667194e+00
-1.7279540308512227e+00
-3.3354661986491347e+00
3.9362691771664815e-01
-3.1907636111818269e+00
4.4061993586819459e-01
-2.6984019948187590e+00
-1.8850425561182477e-01
-5.0591181794286388e-01
-1.1518445711511254e+00
-1.4557654364932389e+00
-8.5087769340435349e-01
5.2614408474376040e-01
7.1351748468145038e-01
4.1947571389173383e-01
-1.8381601496739850e+00
9.1268637251448637e-01
1.1738339548227941e+00
6.7418013589119630e-01
-1.7297067989395531e+00
-6.2223256528363979e-01
4.5430481458629968e-01
5.3739492324002225e-01
2.1726659434310719e-01
3.0691553540155858e-01
1.1157130151017418e+00
7.2422625768813409e-01
1.0169804056696472e+00
2.4162775823859439e-01
1.2286137627202633e-01
1.4292648932994745e+00
1.3036903224193619e+00
1.6391538515547939e+00
-1.5753075233467907e-02
1.3307954913894357e-01
-3.3358705813211854e-02
7.4879512292292205e-01
1.5513823437857602e-01
6.0074105778420894e-01
-1.0558870156537492e+00
-1.1700794725684442e+00
-1.0323356204384941e-01
3.4418781560415029e-01
-6.1335048259797476e-01
-8.8978211501192694e-01
-5.5718240066449887e-01
-8.2499090355895355e-01
-2.0124765055911206e-01
6.2251491431929595e-01
4.5689588040008590e-02
-1.0508052066881182e+00
-4.4927921774647439e-01
-1.1483507449257129e+00
8.5730188949733444e-01
1.0438129657640651e+00
-4.7333240771570828e-01
2.5263269859471481e-02
8.9921285890322200e-01
-1.9686375542718124e-01
1.8325628726539747e+00
1.1556638758366566e+00
-2.8509895390607431e-01
-2.5865560415436617e-01
2.8810047946917716e-01
5.4345185001197438e-01
1.2809229952756322e+00
-3.0834817795167713e-01
1.8668090368229882e+00
