tensor
4 
3 5 7 11 
1.2225157557691966e+00
1.4579368333819378e+00
-1.2868317992757026e+00
1.5750199408316450e+00
4.8247885918337258e-01
-1.3871159836597446e+00
-6.9352645523345524e-01
1.7754117898433933e-01
1.5416290920129814e+00
1.7590851773013683e+00
-1.2111552505072105e+00
1.5861952512342667e+00
1.7314943830548479e+00
-4.1878055911377804e-02
1.0061710433154567e+00
-1.1816683748471555e+00
-2.6881924750604330e-01
1.3993706097565868e+00
1.1420602519859484e+00
1.6495107463622449e+00
5.1391910898353754e-01
-1.5610519415005630e+00
1.2557956216712085e+00
1.4615500311537728e+00
7.3660118733925728e-01
9.2976913407273287e-01
8.1154492780868537e-01
-2.8715041403155317e-01
5.6495350961986057e-01
-1.1363024861856446e+00
8.3418868351202824e-01
-1.6598701906944264e+00
-7.7620161638848340e-01
-1.5236772716465983e+00
-1.4269193810590894e+00
1.0851050283179344e+00
7.9410640874893279e-01
-6.4219519457726415e-01
1.5168196551383297e+00
-1.5655741797633689e+00
-2.0823293698131731e-01
-4.1984977182559796e-01
1.0466895412044059e+00
1.0634050639593275e+00
-1.0828817365004444e+00
6.1370388076983723e-02
-1.8382499806932950e-01
4.8181169538077867e-01
8.4604722390418052e-01
9.1887610305846201e-01
-7.7925957705992210e-01
7.4005833940772026e-01
5.6359828385826438e-01
-1.1655057775725699e+00
-1.2634541827823633e+00
4.4574480548729388e-03
1.5492479512818644e+00
-4.7238985419907059e-01
3.1448221470222681e-01
-9.5707927321132902e-01
9.9577237368313531e-01
-8.6339278326965219e-01
3.8083599104297146e-03
8.0928572938553622e-01
1.4048221673391306e+00
1.5477067810010257e+00
2.6665492754173570e-01
-1.2788963063652792e+00
-1.2108613097293319e+00
-7.6852785089857867e-01
1.2257860382732735e+00
-8.5330828788618784e-01
1.2209476189365833e+00
-9.0466872529219355e-01
1.4454425830257003e+00
-4.3809411557574734e-01
-1.0720882382780745e+00
-8.6420065127908718e-01
5.1259540858977426e-01
-8.4997132969829511e-02
-5.2167514496708078e-01
1.2800619739077210e+00
3.1446915844522982e-01
1.5286195393586052e-01
1.5886617410295980e+00
-7.5371538661919824e-01
8.5945480458385459e-01
1.0045697233403503e+00
-4.1621007717554209e-01
2.1449752655219761e-01
-1.4176142613221343e+00
-1.5809678855058098e+00
8.8406424920006971e-02
1.0954653352775059e+00
1.5586058567062779e+00
-1.2768893699328909e+00
3.4386515612776997e-01
-9.8903801975646632e-02
-1.6787702209678590e+00
-4.8404950809591540e-01
-1.1948547546638100e+00
9.8575100762256618e-01
-5.7662261903989254e-01
1.1208420258196003e-01
-1.1551628364980477e+00
4.6234640885861994e-01
-8.3529492886831191e-01
5.0826027785189543e-01
7.7404602140354117e-01
8.9556248678206274e-01
-1.8491730404856166e-01
-1.3891462405686439e+00
-9.5656801565314264e-01
1.3912033024739399e+00
-1.1441794758353721e+00
1.1726300113561181e+00
1.1410165668413463e-01
1.8707341126347659e+00
-1.4945449001133033e+00
-2.1169705320237636e-01
-1.3075650516675383e+00
1.6580928029589697e+00
-1.7035219619388378e+00
1.0802550503050703e+00
1.1422575933019621e+00
1.2391660197355110e+00
-1.3869506236772962e+00
-3.4722696557957100e-01
-8.3427675062087614e-01
1.1701497356320876e+00
-2.3438425802637691e-01
1.3820428959877560e+00
-1.0388807363701233e+00
-8.3232812176939630e-01
-1.2236496129690471e+00
-1.2024564809206986e+00
1.3277258040303592e+00
2.5496668933080108e-01
2.7610487583567778e-01
-1.2563130679441172e+00
1.1858213151642498e+00
5.3407198296603853e-01
-5.2142659897491017e-01
2.8644025763046175e-02
-2.5291550954228409e-01
-1.5024248201019010e+00
-9.0223394906380805e-01
-1.2480134695298590e+00
-1.1173501493059732e+00
-9.0211007836615076e-01
-1.9767724498359901e-01
-1.5962925470659892e+00
1.3550310320454471e+00
1.6872589982674331e+00
-2.2298296810202154e-02
-5.3081032931907302e-02
-4.8191714436309296e-01
1.4374664709261005e+00
-4.6177903685558552e-01
-1.2913070332325862e+00
1.0100793892861812e+00
-3.9199025730461928e-01
-8.2504508212983463e-01
-3.3249518545734857e-01
-1.3908141108136927e+00
-1.2170896962238633e+00
1.5872878366407766e+00
1.5369555342085186e+00
3.6667981935168203e-01
-1.5601716947439561e+00
-9.1972618783725202e-01
-4.2674989338807129e-01
1.1561379049028699e+00
-1.6668457848905545e+00
-1.5349242446104918e+00
-1.1705685364440019e+00
4.9135591109038251e-01
9.2593529585716494e-01
5.3737023175773968e-01
-1.8361597800348659e-01
2.6591656926453583e-01
-7.1632211636381649e-01
8.1685889688031077e-01
-1.0134824600216152e+00
6.7660598972527464e-01
-1.0943296562352356e+00
-3.7198690073058654e-01
4.5843178786238747e-01
9.3787741959682214e-01
-1.3987781980052623e+00
1.5421074145695179e+00
9.2250173686649617e-01
5.0748102351962601e-02
-2.1852778650547236e-01
-1.9771522449901563e-01
-5.9400828629982605e-01
4.0647832788503126e-02
2.0204906679603660e-02
1.2328924143480422e+00
1.0620905141063712e+00
4.7501783165728934e-01
-3.3580898891214028e-01
1.1218419137728073e+00
9.5313205957563291e-02
-4.3543801979198915e-01
1.5764105731231250e+00
1.2638505357623933e+00
2.7716304783558993e-01
4.4721759295015379e-01
2.7996456278670190e-01
-9.4635171132736018e-01
-6.9875054398452618e-01
-1.1550418758527262e-01
-8.6507611952117247e-01
1.2385986727618092e+00
-1.0560054157492595e+00
-8.8139271748889170e-01
-1.1644395909781655e+00
-9.4395948728016799e-01
-1.3181735108990167e-01
-6.6358989364138232e-01
1.4254038000974472e+00
-1.5143885246525168e-01
-1.1141090056553629e+00
1.3624037843087853e+00
1.8121824068467682e+00
-2.0778481696937043e-01
-1.3408712742901294e+00
-7.6653957167841080e-01
-3.1534394505687241e-01
3.0670358291566324e-01
-7.5172131534221798e-01
3.7718138918812993e-01
7.0284784545837486e-01
-8.9631100593928559e-01
-1.3545505168138814e+00
-7.0893018326402235e-01
-5.4959755950330680e-01
-2.6023782368473919e-01
1.0283294951620437e-02
-1.3830917379346896e+00
-8.3703959065872324e-01
1.0086713148231454e+00
-1.5842470321869526e+00
1.5402101313042806e+00
7.6794713484055011e-01
5.7241831288498794e-02
2.9042799256438456e-01
-9.1119957519514261e-01
-4.9097197112304980e-02
1.6623397061609910e+00
1.4292464201897831e-01
1.7346687985171216e-01
-9.4723050284923982e-01
-5.4289679483057157e-02
5.4123609932992167e-01
6.4935104066431815e-01
-3.7231793046066747e-01
-3.7573143100898726e-01
1.7511459413134720e+00
-1.5907791220825007e+00
1.4742275864936281e+00
1.4846744950100914e+00
9.9221947160545365e-01
-1.3359380362783202e+00
-8.3921948509850608e-01
-5.7719633079511090e-01
7.4014865040026800e-01
-1.2862855890244171e+00
7.3694425804777997e-01
-1.3071752459030010e+00
5.5881556053384518e-01
-3.6320811283679560e-02
1.0950526058317895e+00
7.7742804917986996e-01
1.3584518398404684e+00
1.4947895667661588e+00
-5.8132171970494417e-01
6.6037956088819094e-01
-9.8184242439138580e-01
-1.6644789820717356e+00
8.1475234299961219e-01
9.8024442113985741e-02
-6.1333181911791830e-02
1.3618632033240474e+00
4.9052006413682470e-01
4.3006279976593687e-01
1.2076555803146525e+00
1.1895198676784411e+00
2.8399393105795745e-01
-1.0963345160840596e+00
-8.3133132928920317e-01
1.3891563463617789e+00
-1.6216503687877877e+00
6.1859890828468898e-02
-1.1743603232126583e+00
1.6137397022610973e+00
8.5794470499481701e-01
1.1976110419884405e-02
-1.1494216662833301e-01
-1.4756267126463820e+00
6.5946963026613636e-01
-1.5747988862691331e+00
-1.4333678859455481e+00
8.7528385698406055e-02
-1.3898758520240642e+00
1.2347535009532782e+00
1.1431275928849971e+00
7.4107222581342425e-01
-1.1531574205753525e+00
5.7967767766137002e-01
4.6848598773735893e-02
1.7879781630750906e+00
5.4181359861808009e-01
1.0063416884166354e+00
-6.7145870051016660e-02
-2.3089644477521501e-01
1.0914258034533599e+00
-1.3904024468719063e+00
-1.2983511742417710e+00
-1.1288034982333892e+00
-2.9175704826273990e-01
1.1924749092061686e+00
1.0166738061462817e+00
-1.4725812306938211e+00
-3.4909944433256662e-01
7.5050408852956871e-02
-1.9934807862063450e-01
5.6988373099449630e-01
4.1935325465101336e-01
-6.4533874190400520e-01
-2.3353754905497273e-01
-1.6665607728671576e+00
1.8276020122851819e+00
-1.1770670765731088e+00
-1.3575687647854147e+00
-3.5796156771187271e-01
-1.0666544663734785e+00
-5.1599576286384584e-02
-4.7557827027513894e-01
1.6214635764114957e+00
1.4150247320137841e+00
-1.5004314199103663e+00
8.5884093019347940e-01
-8.0277780925289777e-01
-1.7777970245479191e-01
1.8107075172140497e-01
1.4913281415169584e+00
-1.9597270147240567e-01
1.7335600562455737e+00
-6.9265432257551052e-01
8.1651086374159199e-01
6.0369946709426148e-01
1.1677178808030295e-01
8.0581542621482916e-01
6.0437393603785572e-01
-1.1126476329568242e+00
-1.2312356224024921e+00
1.7907389195819836e+00
-1.1365259699249717e+00
-1.5721676674126341e+00
2.2862093109248713e-01
1.2840245498331579e+00
7.0244190573152532e-01
-1.0940708171739044e+00
-4.6290370202946096e-01
-4.2389906148580583e-02
1.7285138402318978e+00
-1.1866439108881961e+00
1.3682992736685311e+00
5.2673413694103999e-01
-4.3785288075856121e-01
-1.0064479668861641e+00
-2.4566038303215895e-01
-7.7705852124637598e-02
-1.2576872777685884e+00
3.2960726082670638e-01
-9.4898833227943669e-01
-3.1433496447785902e-01
3.0634354325380192e-01
-8.6174087085981121e-01
-6.5085367877322964e-01
4.2800971266016496e-01
-8.1585045506635123e-01
1.2570063803508578e+00
1.7321720793341071e+00
7.6766763110466929e-01
-4.5991481269613771e-01
3.1020691718917665e-01
-1.3522809124013027e+00
1.5497655975143012e+00
1.3646900170391050e+00
1.0657021216333840e+00
-7.5702305007978432e-01
3.4690500022663756e-01
-1.6426344875406960e+00
-1.6911931282082279e-01
-6.5782275028258452e-01
-1.1693439145994948e+00
-1.0498892072720598e+00
-2.6480798148767676e-01
-1.3983923175102309e+00
4.4998930020552808e-01
-9.3432703149784274e-02
6.5085559453600639e-01
8.1218405142544570e-01
5.0449543159771115e-01
-1.6048615895238947e+00
-1.4427988734334030e+00
-6.3327565468466440e-01
8.8633676092132893e-02
6.4981007288216008e-01
-3.1927045768472434e-01
1.0732649250177893e+00
8.7818500913174702e-01
1.6821775604149425e+00
9.0233057661026322e-02
-5.2684562139045010e-01
-1.3966052364147727e+00
3.6140713213326664e-01
1.0941611582300419e+00
-2.6278441623288318e-01
-1.4099921438428991e+00
-7.3650039077427387e-01
-1.2252693891084045e+00
-7.6229866963839454e-01
-1.1614365923848614e-01
1.0712403976395309e-01
-1.6147700476805049e-01
1.4392230306802076e+00
7.4693642313917605e-02
1.4943443227212938e+00
5.9000677638213550e-01
1.6430947320864142e+00
-8.9954048166123679e-01
7.2726494148972243e-01
-7.4220838194118943e-01
5.6863928295215349e-01
7.9522080692707753e-01
-1.5308714076961696e+00
-8.5157829364861359e-01
-8.8811659192758152e-01
6.0902879584215219e-01
1.1564000329345721e+00
-4.5782303424277887e-01
1.0110339838004974e+00
5.8064045576721857e-01
-1.6646618243654523e+00
3.7478191461356125e-01
-4.0209701016809951e-01
1.5843652518902902e+00
-1.7693259982348004e+00
-1.4436431425055568e-01
-1.7237192906808632e-01
-1.2913537058261357e-01
9.0359033010480849e-01
-5.3639991706553347e-01
1.0260873538018207e+00
-1.1402679872694375e-01
-1.5608695127341639e+00
-1.1460088196973062e+00
7.3875107416920338e-01
3.2043575072369882e-03
-1.2286068015594500e+00
-5.5755333212233338e-01
4.8166768829878642e-01
-1.0893903620768928e+00
7.9551920310759661e-01
-8.2090619728634595e-01
1.4994348786796023e+00
-8.0297479109692993e-01
1.0466296131392512e+00
-1.1003898104467100e+00
-7.4018622207608498e-01
-1.3630901413460801e+00
2.8216691424834744e-01
6.0799183933535228e-01
2.6443091133850100e-01
-2.5466517071470735e-01
4.7544235020302389e-01
6.2541196860704129e-01
6.4892727456616517e-01
4.4596279823870144e-01
1.6886415539054256e+00
-1.0280670518979478e+00
6.9626105275677530e-01
-8.4455730119891137e-01
-1.3474919673832721e+00
3.4896043986245123e-01
-8.0223833429444613e-02
-1.3695120243128947e-01
5.3504794412754375e-01
1.0637291674743248e+00
-5.2404641953844333e-01
5.3526878848214954e-01
-2.0163806538874554e-01
1.2301094214931181e+00
1.1173190445787833e+00
-7.7234139382793954e-01
4.1505933575476411e-01
2.6363262973047835e-01
2.4351417873672643e-01
1.3300404550071037e+00
-8.1755969427867836e-01
-5.5211390323574938e-01
-1.3481401974503699e+00
1.4814261653357153e+00
6.1803060684634958e-01
-6.2970343374194174e-02
4.5798559759234297e-01
2.5772399562150528e-01
5.3582023511061738e-01
1.3298087575706774e-01
8.8778862479319698e-01
9.0544535405365792e-02
1.6649061079685652e+00
-9.0728110088561409e-01
-1.3960020876020798e+00
-1.3457132882115759e+00
-1.4614321533611232e+00
-3.3011266174030651e-01
-1.9230309202276011e-01
-3.8152170465141760e-01
9.5033374722562602e-01
4.1909108912225629e-01
1.0697852839719177e+00
1.5544779083383311e+00
1.5935108344703837e+00
-1.0025008137060181e+00
-1.2780052995754811e+00
6.5193526672523172e-01
-1.3534190432016593e+00
1.0092260290423359e-01
8.6862525672811150e-02
1.3883699722460290e+00
-4.3741390162883420e-02
-3.7932966909174171e-01
7.1050246161772590e-01
8.7096972419796348e-01
5.1812419061893461e-02
-4.4620919698807887e-01
-1.2383243500734449e+00
2.7672021312094336e-01
-7.5195868337750982e-01
-1.6148445029465848e+00
8.5173432479944111e-01
-8.2113574159514702e-01
-1.9518336434586028e-01
6.2308854916967626e-01
-4.0506184315859289e-01
8.5342546251349805e-01
-3.7506881189674857e-01
7.5332631981399734e-01
7.3822300823651887e-01
-2.1296687174828408e-01
-1.6187021881351495e+00
-5.9311276372404909e-01
-2.7425467335707471e-01
-7.2292603490961882e-01
-1.0704523915391582e+00
1.0791906280270420e+00
-1.5246072388672136e-01
1.3936478438712516e+00
-3.8707195823454627e-01
1.0595444920006789e+00
-3.5789768543898182e-01
1.0342118989506237e+00
1.0093864172816545e+00
-4.2709188336036114e-01
-9.8361958743707556e-01
1.1356280886425552e+00
1.6131637107338119e+00
-6.0373113589710881e-01
7.0990656140643860e-01
-2.0858745989713573e-01
1.1193071833356671e+00
1.0586149771014908e+00
-1.1767633594857156e+00
1.2162997105684294e+00
1.8483567065343562e+00
6.1748601335334947e-02
1.2922475701100731e+00
4.1247920100337915e-01
-1.2213607779779823e+00
-1.0386415934662558e+00
-2.3452493852622938e-01
8.9753930246797797e-01
1.0923453985006846e+00
1.1340409148657609e+00
-6.3711241275581920e-01
9.9531235421583056e-02
-1.3672450073795108e+00
-1.3749274691255775e+00
-1.2551397265453974e+00
7.3630514730175278e-01
-6.9121385126237576e-03
-1.0732171766211880e+00
8.0099076297121208e-02
-1.2468471063185835e+00
-1.5320817804261284e+00
1.3511116992960874e+00
2.2633681523210222e-01
1.4466183619492803e+00
8.0067601885455864e-01
3.0564640046465291e-01
1.0576533847764449e+00
1.4522377277630576e+00
1.7544622906896892e+00
-1.7175254816481116e+00
1.4037303825695588e+00
4.1186908006768630e-01
1.6521198711492262e+00
1.9685076970817034e-01
-6.2755724535229970e-02
1.0098053376888241e+00
-8.7452804248471849e-01
3.4950894255120165e-03
1.3486841890106225e+00
3.6472393421435967e-01
1.2417001881889265e+00
7.9624614607401178e-01
4.0519337137907113e-01
-8.9321878412334332e-01
5.5027619240362136e-01
-1.3903559997276655e+00
4.5964908964806978e-01
5.3164163310603618e-01
9.1889419180498899e-01
1.4042829961769672e+00
1.6260769205170669e+00
1.0592396904890378e+00
3.0085004235631008e-01
1.4422053049442354e+00
3.8412337482177633e-01
-1.7128465234396000e+00
-1.3076990547371372e+00
1.3939831422478210e+00
-4.5727827081144590e-02
1.1579786133949506e+00
-9.4041022124779661e-01
1.9684045998137614e-01
4.2585813516243570e-01
-1.5743466233679986e+00
4.1952821962901288e-01
-4.8505774368156729e-01
-1.5116670646265122e+00
-2.6914948061673057e-02
-1.0636813892177202e+00
-1.2488538413527723e+00
-1.0403417674609166e+00
-1.2203259357246070e+00
-1.0130638256109337e+00
-1.6212719145740433e+00
4.4395757285512655e-01
-6.8148963284797170e-01
1.4798540659657514e-01
6.4817782060654905e-01
9.4785612322514187e-02
1.3801215851394172e-01
-2.0316625460212154e-01
-1.2458218716019205e+00
-2.4106277869046896e-02
1.1857090568157302e+00
1.4340626374819379e+00
-8.0917030820406866e-01
-1.0093579856812314e+00
3.3012944343660100e-01
5.1084930207284340e-01
-2.9904966548645195e-01
-9.5266476413658063e-01
1.6082734813495294e+00
-1.4397986647223668e+00
-1.3109358094259107e+00
-1.2667074680850638e+00
-1.1523984312688818e+00
5.3015401085093716e-01
2.7324965501999859e-01
-1.5419454181385364e+00
1.6387141647148296e+00
8.2603316611405930e-01
7.9352626352243094e-01
-1.4620998787313797e+00
1.2961479876222124e+00
1.4629527205109942e+00
1.8287975624881398e+00
1.2907905797276598e+00
9.5603482935542117e-01
1.4574450149170340e-01
-1.1398441029018234e+00
-3.6184800370737641e-01
-1.2100935143306217e+00
-1.6632353596315186e+00
1.4790838806099003e+00
-6.1202940261879313e-01
-7.1912959803030296e-01
-5.8543990571016491e-01
-1.9727763067018792e-02
5.3898430157727450e-01
-1.6333861414357131e+00
1.3207178172843208e+00
2.2088937907906242e-01
1.1894613818372490e+00
-4.4561417640117723e-01
-1.8225372335165832e-01
-1.5345837839935628e+00
-1.0558159102794178e+00
5.9110354492159123e-01
-5.9261658741613576e-01
1.5218159613313766e+00
-1.3519193512547745e+00
1.6469014715274830e+00
2.4080841367083111e-01
7.4846155592438435e-01
1.6846145935213954e+00
-6.6011298809695207e-01
-2.9464311763562262e-01
-1.3622214511133124e-01
1.0411163826716801e+00
1.1454712191002077e+00
-1.3779849743263139e+00
-1.0522090478066810e+00
-4.9045208153650982e-01
-1.5261881587030803e+00
1.7614622026571999e-01
-5.7530727426837958e-01
-1.1210371965215782e+00
-9.4204821313069353e-01
1.4556594503151012e+00
5.8084176917876151e-01
-1.4725233483520207e-02
1.4805563947741704e+00
-1.3650774412746169e+00
9.7533013330195684e-01
8.5316639877747624e-01
1.9419911604154919e-01
-1.0304941826609617e+00
3.5709043099942112e-01
-6.9782395906680839e-01
-1.2094085962875090e+00
-1.0149865937362632e+00
1.3285540256444879e+00
-1.4333416293871162e+00
-9.0837320227080243e-01
-1.5362358385815731e+00
-1.1029461943334318e-01
-1.7260451603565057e+00
1.3362156341738969e+00
-9.8595745065397455e-01
-1.4403375112007841e+00
-6.7252028431250277e-01
-5.9070581932184431e-02
-1.4107316670925585e+00
1.6706449816073972e+00
-5.0202204142428131e-01
-7.1266187403409154e-01
-1.5080001725456695e+00
-6.2297088007536139e-01
-1.6080764308671285e+00
2.0070800209544791e-03
1.0320719216563345e+00
4.7787953247347120e-01
-1.4131649670546484e+00
-1.3997191856602855e+00
9.9933589452479965e-01
1.3632680551077017e+00
2.1861829957099504e-01
-1.3840299373605538e+00
1.0931118131296442e+00
-4.8056536974606817e-01
-7.2469761078528772e-01
8.2237816428456212e-01
-1.6517221715685990e+00
-1.6005987864136413e+00
5.5538434202769171e-01
4.6765633946429552e-01
1.0341290528928614e-01
7.6583081380792539e-01
8.3850295861518709e-01
1.0140927137397437e+00
-7.3855558795460829e-01
7.8590006101850884e-01
2.1246052469764554e-01
-3.6889328697700480e-01
-1.4685810737253691e+00
1.0098063478262282e+00
-5.6961186516487361e-01
4.8337101071197686e-01
8.7095583271151933e-01
-1.3623472430203394e+00
-1.2316859171640853e+00
1.8702556313576152e-01
-6.6782747431619341e-02
1.4931929700112607e+00
1.0768200304670543e+00
7.8160454532003165e-01
-1.5052377760043689e+00
-1.5134175399775887e+00
-1.4178109251165198e+00
1.1640123453568330e+00
1.5907038459155816e+00
6.0919174914608543e-01
-1.2166978477288499e+00
8.0485269749189525e-01
-1.3434791266088213e+00
-1.2688312430637372e+00
5.1229803645486816e-01
-5.9947822538527129e-01
6.4754578744431179e-01
8.9905812687962539e-01
2.6682224932528403e-01
9.5562840302535712e-01
-9.3569861453321734e-01
7.8370398579608325e-01
1.7794881277598982e+00
1.3192997826927455e+00
-1.4256198425996007e+00
-3.7930474871214459e-01
-4.5633336090007975e-01
6.1366302850708820e-01
4.4790957707014317e-01
1.0425855662685628e+00
-4.6720717604450196e-01
-9.5247772851865498e-01
-1.4642535994718415e+00
9.0963259596655111e-01
-9.5374027690776708e-01
-3.8829196886857120e-01
1.5986030567953841e-01
-8.7056065738295674e-01
5.1665995074389759e-01
-6.9333702871147401e-02
-1.1460821842316573e+00
1.0160723455605738e+00
-1.3766745407597003e+00
-6.3789842731523116e-01
-9.2661550754850397e-01
8.8660840697072654e-02
-1.3617135019841855e+00
-3.2748907190769272e-01
-1.3622348390421890e+00
-1.2874436621091787e+00
1.0249764349483779e+00
-7.2631792009610319e-01
4.6789022315214274e-01
1.6670991433844122e+00
-2.4641178771128108e-01
7.9383331474523811e-01
9.3105036555703180e-01
-2.4587596931004682e-01
6.5357026844006882e-01
-1.3818864742641368e+00
1.4607551544727106e+00
-1.0188215700487011e+00
-8.2385213292566439e-01
9.9782648898895809e-01
5.3650053905047394e-02
9.6978928574218726e-01
-3.7064395262146321e-01
-7.1339140593471417e-01
-1.6405995728923266e+00
5.7370262933812355e-01
-1.5373617900854955e-01
-1.6187434450544447e-01
3.5765584405276712e-01
-1.4763969904988896e+00
-6.4679022147369425e-01
9.1231697653966204e-01
7.9983913354862024e-01
-1.3263158107745847e+00
-1.2760541616881083e+00
-1.3586633899131471e+00
-1.7455338179830266e+00
-2.7834183422331754e-01
6.5383874149424848e-01
8.0555899958333266e-01
8.9808669396437904e-02
-1.2998284675060088e+00
4.8036381435059261e-01
-1.2884901840544931e+00
-1.2087640924367142e+00
-1.4217026551995662e+00
-1.2356093445350935e+00
-1.0874610328787293e+00
-1.0733237473834933e+00
-6.3807936493068329e-01
-5.5799209419948570e-01
-9.9728569625855068e-01
-8.6434372933129799e-01
1.5019356179704080e+00
7.3528269376275823e-01
1.7334467479191745e-01
-1.0296381496595217e+00
-1.0170225058132065e+00
-1.4558883163335101e+00
1.5765369605582924e+00
7.4774021134886703e-01
1.8032974575682584e-01
-5.6871173477474646e-01
-1.1805091218870891e+00
4.0070357243282950e-01
1.8414339171590373e+00
-1.1654242936476800e+00
-8.4135421089975060e-01
-2.7081266320561065e-01
-1.5094595574060803e+00
6.1048758060053143e-01
-2.5084198387171913e-01
1.7327849735363792e+00
-3.4960643231314176e-01
5.2912958534211263e-01
-1.2227254823631730e+00
-4.2057603580773906e-01
-1.1128926826263628e+00
9.3109729908974659e-01
1.2473954898946105e+00
-4.3526064133976816e-01
6.7218333177438583e-01
-7.1753707747951878e-01
2.0738898202686795e-01
1.1961980570074313e+00
3.1553824163130645e-01
-4.9052169881521102e-01
-7.0596145930347531e-01
-1.7793250883461939e-01
-1.7845847440239548e-01
-4.9055409464261479e-01
1.8213553441073124e-01
9.6460799580820134e-01
-2.5963840645999886e-01
-2.5706876752416541e-01
-1.2424613420541097e+00
-1.6862651620485050e+00
-7.3103492573061624e-01
-5.5409164434372238e-01
5.5857577531676739e-01
1.5396847674607042e+00
1.6548989434436374e+00
-1.3994486463981173e-01
-9.0031914497989840e-01
1.0409050841775349e+00
9.3543158121775138e-01
8.0308391907252108e-01
9.6869207980566374e-01
-1.3955663466024693e+00
6.0185208899769371e-01
-3.3333119258590581e-02
-1.0165503081661049e+00
-1.3837841244813029e+00
1.2541414124081132e+00
-1.1490935179520925e+00
-1.1622425698311467e+00
6.9105022110157222e-01
1.4172587428331338e+00
3.9912194132460194e-02
8.2224067645005650e-01
-1.2255060573350929e+00
1.5278370060818105e+00
2.4403137878575382e-01
6.5148565171434214e-01
-1.5947836500239916e+00
1.2027922668849589e+00
8.9722948197185493e-01
-1.3099895355555247e+00
1.8743572194374242e-01
-6.1103653913965106e-01
1.4171128083500811e-01
-2.6337527881036615e-01
-2.9260664584896334e-01
-1.1037748718561351e+00
-7.7610844884359032e-01
-1.7001719507340070e+00
1.4264117722275316e+00
6.4714511142280151e-01
1.5536217261943150e+00
-1.1624385352415303e+00
1.6026100661633811e+00
1.0614714488448134e+00
2.4709830630360008e-01
-1.1632068727551512e-01
-8.5440772307897017e-01
8.4156207813249151e-01
-8.7157462477775438e-01
-1.5444479919127749e+00
8.9395159742257868e-01
7.0968436146532743e-01
7.7805391004648095e-01
4.6733025086405555e-01
-1.9131256890313766e-01
-3.7940740414340191e-01
1.0601834132128611e+00
-5.5442294898111988e-01
1.1323991263485402e+00
9.6800407535917032e-01
1.3566545084676980e+00
3.0401976030704929e-02
4.4553599649359799e-01
1.7090813525915152e+00
-1.8961156806556137e-01
-1.5149013878978410e+00
1.4084159444711066e+00
4.7830311407325715e-01
-5.1004776107954441e-01
1.8738376355082293e+00
-9.7371129781492083e-01
5.0271579201922933e-01
4.7309710519825898e-01
-3.9195288646171172e-01
-1.2350647440448588e+00
-1.5988446074731486e+00
-2.7113462675353478e-01
-1.0923232728077628e+00
9.0468503794432797e-01
-4.5218126717993506e-01
1.1467549956203686e+00
9.3489440640150356e-01
2.6367499932848715e-01
-1.1169979998806494e+00
1.7322700336869730e+00
-8.2690873540354903e-01
1.4294948484026271e+00
-8.8908002069429992e-01
-4.4076142151175884e-01
-1.4213089031022006e+00
5.9860908349855668e-01
-1.1290902786724601e+00
-1.5658761843068445e+00
8.9538832139009072e-01
-5.3396524815817070e-01
5.3052548754783446e-01
-3.1701673624239152e-01
4.6459613682305045e-01
-1.6455728082139391e+00
1.5649940074951947e+00
1.0825221652047639e+00
8.2079132405957966e-01
1.2167597810261315e+00
-4.0600548213442356e-01
3.8293279646638673e-01
3.6770270083901363e-01
1.1750162537901528e-01
-7.8251306707157875e-01
-8.0025536856228752e-01
-1.6223274660896123e-01
-9.4379421715912426e-01
1.1858043054576557e+00
1.7444471183068431e+00
-1.6171624100764159e+00
2.2537965244534278e-01
-1.4627885450597593e+00
1.0123385798194549e+00
1.8457581166608945e+00
-1.5346047820483415e+00
1.4799579606061457e+00
-1.6237049930034544e+00
6.6612902697736998e-01
9.4982800010872515e-01
2.1992472001012428e-01
1.3850449217368495e+00
1.3423919445379180e+00
5.4794492257696970e-01
-1.2815913393923304e+00
-9.7754841012225602e-01
-1.0378300447786770e+00
-1.6242419857357098e+00
-1.3550986001112675e+00
5.1402043371001449e-01
1.5787631227227847e+00
-5.1215218372061733e-01
-2.2139608859998061e-01
1.7381868648311503e+00
1.5010076974803210e+00
7.2913149163752589e-01
1.7522884504345249e+00
8.9225516268775928e-01
-4.8556233062041404e-01
5.8958309134860509e-01
-8.8776288647088986e-01
-6.3274973874753049e-01
6.5307128783693336e-01
7.8357295151906009e-02
-2.1795000862804431e-01
3.7645052051543160e-01
8.3670446964795320e-01
3.9642522696537286e-01
1.9506092006631329e-01
2.6813304094805290e-01
1.4017924340968516e-01
-1.4787867578121525e+00
7.3129985651261198e-01
1.8708105601242313e+00
-5.0864825714250794e-01
1.5884635282718289e+00
-4.5072540334867767e-01
1.3892702504071093e+00
-1.7077273008808166e-01
-2.1139755692006598e-01
-9.9668365687604787e-01
-1.2913689053567037e+00
-5.8484258742073059e-01
8.1691029967891426e-01
9.4688413165072538e-01
7.9038667634240700e-01
-1.7384632756630249e+00
1.1523853891023281e+00
1.6070220490906790e+00
9.7690976497331439e-01
-1.5740199512264552e+00
-3.3732133120766367e-01
7.3926539681072012e-01
7.6516193479761174e-01
-8.8726960056443127e-01
-8.1359252343972266e-01
5.7280439207701683e-01
1.7519338599883652e-02
4.5164596613179392e-01
-9.1405571418740794e-01
-1.0557579503998225e+00
1.1862805386118858e+00
8.9256262725948787e-01
1.6504231511136187e+00
-1.3885438590801731e+00
-1.0987013199214823e+00
-1.3345694862396420e+00
-2.6223530411057558e-02
-1.0611784595117815e+00
1.5125450584665017e+00
-1.4199347795393813e+00
-1.5688920094145264e+00
3.0267147235727820e-01
9.8240666080581629e-01
-6.5694570694489896e-01
-1.0491163501368581e+00
-5.6422425869266701e-01
-1.0036219225282073e+00
1.3422128477785769e-01
1.4599787935851087e+00
4.2259059604070692e-01
-1.3258558516550392e+00
-3.7907680651239939e-01
-1.5332994083678131e+00
1.0252838394222753e-01
-2.3328782158687306e-01
1.6780373609493520e+00
1.2113634139849283e+00
-4.0893363643835376e-02
1.3268719071967623e+00
-1.1971751586993844e+00
-3.8210856370818508e-01
1.4389466514916551e+00
1.5897343041893346e+00
7.7220862871251705e-01
3.8653648995440537e-01
-4.6201983589502577e-01
1.5658001316964778e+00
-1.2943677396443045e+00
