tensor
4 
4 5 7 11 
-2.1764643270192241e-01
2.0892237658666764e-02
1.4429008053287962e-01
3.0619218722224167e-01
-2.3699212105035708e-01
-4.3566069684874191e-02
2.1303196989345263e-01
2.0919905976256398e-01
2.4318751528086766e-01
1.4166114472811991e-01
-1.5079637955066150e-01
-6.7463864924521708e-02
1.9156625385257300e-01
1.6106218379339715e-01
1.7774546023255580e-01
-3.8274416280361982e-02
1.0411387201018993e-01
1.8190717972604450e-01
1.6613213145490305e-01
1.2166636810782915e-01
2.3747970803289842e-01
7.1520872790335435e-02
-1.9502794492734085e-01
-1.6708281540445910e-01
4.1642490012393937e-02
2.2346552581277163e-01
7.1316431555128693e-02
3.0059542985989884e-01
2.4968867830933272e-01
1.7017188093372124e-01
-2.7855861429503853e-01
7.0210669888260877e-04
9.7988783782295433e-02
1.8454719586160279e-01
2.9125861009454669e-02
1.6617215455155268e-01
-1.5280266151250438e-01
-9.7808438527748218e-02
-2.3104700230597165e-02
5.4721768481088201e-02
-1.2084050243497053e-01
-1.6703890129684440e-01
1.5299060848202992e-01
-1.4670860983737249e-01
2.0639424175798601e-01
-6.1408033572381997e-02
-1.9935958090200706e-01
-3.4582471336389559e-01
2.0435083219092207e-01
1.4951072333096574e-01
4.9647262771446744e-02
-4.6084163729387659e-02
-1.3426320746463369e-02
-1.3657316202691089e-01
-1.8368059242601850e-01
-1.6830311166577488e-01
-1.8212516579269461e-01
6.0908986429025333e-03
1.2546739444653335e-01
2.3600520583176668e-01
7.3192541011024626e-02
3.7600176008618792e-02
-1.6183430203490071e-02
-3.5476289161286888e-02
-1.3275754915798302e-01
1.8780281852122570e-02
9.4567238315619084e-02
1.9539630564519828e-01
-1.8379489295036977e-01
-5.3039769581303499e-02
1.0256519772811498e-01
1.4432119508255570e-01
2.5990596062278348e-01
1.0339329694628983e-01
-2.1619978851837571e-01
-1.4005167169486035e-01
-1.2120260475009736e-01
-1.0532542744352529e-01
-4.5613008610261310e-02
3.0958338631592881e-03
-1.6745359549141109e-02
-1.8765494548413201e-02
1.2863452969527261e-01
-3.7680799218111204e-02
1.9951396513942019e-01
3.0084612143339229e-01
2.8835337718063408e-03
2.2553890218622172e-01
-1.6995571411770510e-01
-2.1260984932475868e-01
8.9424735364002819e-02
-1.3993794331361717e-01
-1.0255079752080058e-01
-4.2478169966241819e-02
-1.0613501988853950e-01
9.6463552143063569e-02
1.8411845547038447e-01
1.4292957388474331e-01
1.0989049742092592e-01
-4.2702137383706644e-02
-1.0278417538809498e-01
-1.9358356778609087e-01
-1.2239071701416856e-02
-1.7852417429670572e-01
-8.2797519207291725e-02
-4.1504375192718997e-02
6.9030347149924037e-02
3.0195768382669356e-02
-7.9110213593807811e-03
9.5223947227810565e-02
1.3089089176424554e-01
1.4084717680595410e-01
8.9903422190967766e-02
1.0831594309976821e-01
1.7013367740752297e-01
1.7047819854614923e-02
1.1276467788472433e-02
3.6357035263061915e-02
1.1243005554214237e-01
1.9423611766346924e-02
6.1482047106659041e-02
-1.7411139560036076e-01
-1.5038401238998944e-01
-3.4372204947177343e-01
-2.1334141121840852e-01
2.3264974383974225e-02
1.2620312431260242e-01
3.0831698928566859e-01
-2.4412586947723816e-01
-1.7410974481493599e-01
8.6625310989660573e-02
2.9050072836110139e-02
1.6401535137921414e-01
-6.7608038906900852e-03
-7.5321037745221378e-02
-2.2334315450115669e-01
-1.4598729216882506e-01
-1.4594149145715959e-01
-4.7095925947544047e-02
-3.0109027798730429e-02
6.9337035044004486e-02
1.2274589366167063e-02
4.6773632646118224e-02
-8.7088878258085964e-02
-4.5617440067826094e-02
7.7288437853094027e-02
6.6978009511349967e-02
1.7814909832342607e-01
2.4470421364024589e-01
1.1457494196436489e-02
-2.0395378366228803e-01
-2.7598251925033707e-01
4.6099477576262579e-02
3.9586484383267104e-02
-1.8206038752024964e-01
4.3887511521028003e-02
-6.7729652668360146e-02
-4.6356137275993033e-02
2.5654714537688206e-01
-4.2143494181112094e-02
-2.1217438049715973e-01
-1.2745631201457019e-01
-1.5387723404581372e-01
1.1802506041055036e-01
1.4936905846587092e-01
2.6161784254809828e-01
5.1946649033178596e-02
2.1849618452294833e-01
-7.6867686494613202e-02
-1.8254408658285057e-01
-1.4524525842612090e-01
-1.6563300304439954e-01
1.7345709926185066e-01
1.8201775266505407e-01
9.0207187020516361e-02
4.2363148639972564e-02
-1.3964324787379420e-01
-2.4282928239346963e-01
-7.9011587906928804e-02
-1.9432189459659571e-01
6.7132627625746941e-02
6.3088077659388495e-02
-1.9733660613080595e-01
5.7455113561566178e-02
1.7310570130012404e-01
4.5721074034516924e-02
1.1850067663639436e-02
-1.6797886474109150e-01
-2.6159750906195492e-03
-1.3068221030022005e-02
6.3830083081965042e-02
-3.2965181867008857e-02
-1.1120362224631901e-01
-2.1997044244865566e-01
2.1485802262361523e-02
-2.1881485104482618e-01
-8.6878212688616244e-02
-2.3873201861448043e-01
-1.0826009618140157e-01
-2.5448759402645899e-01
2.1119064642987459e-01
1.7211472051842782e-02
-4.3274376840427280e-02
-2.5641873426644629e-01
-4.6589948320116974e-02
6.7989745318998943e-02
1.9486767025163854e-01
1.3448280371572566e-01
-5.4849374936966018e-02
2.8010299755119490e-02
-8.9041937237853530e-02
1.4419629809815665e-01
-2.1870718450072352e-02
-3.3099353073647121e-02
-1.7962715995056708e-01
1.6312703242061188e-02
-1.7134200848556200e-01
-2.1474043791205749e-01
-5.9223935784708935e-02
-1.0739027628647317e-01
2.5007865675396718e-01
2.1816114319453306e-01
-2.4697579626043092e-01
7.3471544932892555e-02
-1.2963346337222192e-01
-1.9705080771104608e-01
9.8607559909223375e-02
-1.7230035411256017e-01
-2.2773751267202780e-01
-1.1851078950190444e-01
-3.6486218808466038e-02
1.2780645673504862e-01
1.2050283517552947e-01
-1.0697025414214907e-01
-1.8731333166034431e-01
-3.0501132505352807e-01
-4.7844381904972345e-02
5.8744421404934861e-02
9.3701213143585704e-02
1.4397966255286465e-01
1.1816643056818261e-01
4.4657075264524365e-02
1.0095329822406858e-02
-9.2549923545826682e-02
-1.2831242715236280e-01
-1.1921740186514675e-01
-1.1523464368910040e-01
5.7222917304253045e-03
1.4706972249041395e-01
1.1234252636576907e-01
-9.8599799077140352e-02
5.6877770023449200e-03
1.6697574839566909e-01
1.4072128187291161e-01
-2.4793131356450779e-01
5.9851079193935688e-02
-2.3745103126857903e-02
-3.8051715917884116e-02
5.5050742737443722e-03
-3.1959691588714804e-02
2.3187159518264212e-02
-2.6219350517818905e-02
-8.5893913138447756e-02
-5.6688874795008927e-02
3.6241825346958106e-02
1.8127290423117792e-01
9.7270184840523549e-02
2.3133210416799410e-01
2.2526077702713504e-02
7.1687471716665938e-02
-8.2144073427736386e-02
1.0776725338904224e-01
1.9059039186106086e-01
2.2469359665697522e-01
-1.4293312851820672e-01
1.4368389148689115e-01
3.5904925121595488e-02
7.1515170874002040e-02
1.9223937728052014e-03
6.9438662300788573e-02
1.6142195302097793e-02
-1.1040506565396718e-01
-1.0704165613862748e-01
-1.8333078483306525e-01
-1.2912926975604258e-01
-6.7739843816549655e-02
-1.1153885192051820e-01
9.2449760657307450e-02
-1.0224068216954228e-01
-2.2946811911385487e-01
-6.1298235452956269e-02
-2.2825454596166256e-01
2.1551493257765938e-01
9.4939394578527320e-02
-5.9263931528250220e-02
-1.2827518016394537e-01
2.0895157418376034e-01
5.4862656290969918e-02
-4.9114400887207622e-02
-1.8872543180451831e-01
-2.3356702742815971e-01
-7.7219927630205298e-02
2.5636103671206933e-01
1.3793751634372559e-01
7.0283371648135973e-02
-2.9266567788682675e-02
-1.0790612156983991e-01
-1.2258931148361749e-01
1.2365809773157070e-01
6.3624228975194513e-02
-1.3513546264473109e-01
-3.4979575758934914e-02
-6.7351931054928038e-02
-2.1871693859824912e-01
-6.6356792060714709e-02
-2.5781777722522975e-01
2.1909505556586932e-02
-4.6860165508397063e-02
-7.3183123067902506e-02
-9.2483605026947718e-02
1.8921780080811451e-01
-2.0559251015915745e-02
-1.9351733914270655e-01
-2.5456480257260239e-01
1.4968017342562720e-01
1.1539439524319939e-01
-2.6535728422919641e-01
4.5514052373034533e-02
-1.2834983841286243e-01
-7.7407809341784761e-02
1.7737622514745758e-02
4.5395048850133513e-02
1.9522785135494974e-02
1.2907237527042217e-01
-6.1463567347118393e-02
2.0356438687790393e-01
-3.2416936602406173e-03
-6.9427551666152457e-02
3.2665721982223242e-02
-1.1955535370591786e-01
-6.5325352237681281e-02
2.8654573304990494e-02
5.0558249035989475e-02
1.2781891778067894e-01
-2.2074731116330107e-01
-6.5171259293688916e-02
-4.6610765005727577e-02
2.0992358939637373e-01
1.0221843317334353e-01
2.7826237838351880e-01
9.9863220037942249e-02
3.0134620025212011e-01
-3.9232851387214815e-02
-1.8808135991583425e-01
-1.3600086370746992e-01
-2.2967482141664056e-01
9.6805524178846233e-02
1.7247014561158843e-02
8.3519502628808071e-02
-1.2559507889002944e-01
3.1459745989605048e-02
-2.8288314121934513e-02
-1.8266466434889173e-01
-4.9473171412111189e-02
1.6765471036195700e-01
2.4880697656303979e-01
5.8334115237323590e-02
1.6995096934389262e-01
6.3082857643335336e-02
9.5051591553894962e-02
1.6122583161898535e-01
3.4322943429450747e-02
1.5454222765793538e-01
-8.2099271333015159e-02
-1.1924541857040191e-01
-3.2649660479651577e-01
1.9780235818283165e-01
1.4222737374312314e-01
-4.3295966491831740e-02
-2.7782464875856748e-02
1.6333300141418858e-01
1.7944098807798997e-01
-2.0486138568208342e-03
7.3408690643404481e-02
-1.8440523429141176e-01
-4.4768992729358560e-02
1.6136681500711844e-01
1.4553843223802626e-01
-2.1171002329535832e-01
-1.1580905746450558e-01
-9.2488360757271834e-02
1.2281411270811277e-01
2.3965707511630047e-01
8.7365156032677013e-02
-3.0022924451381099e-02
-1.8147169604258062e-01
-3.3954098720161842e-02
2.5098406420495371e-02
9.5424478239323235e-02
6.7668345812319161e-02
-1.8501810260990129e-01
-1.9341492562691934e-01
-1.5525630564608356e-01
-3.0376001565177037e-02
-1.5714746909637758e-01
-2.1283045035086851e-01
-1.4286117125284378e-01
-1.0479369233333861e-01
7.3963545202374609e-02
2.1563981885258646e-01
8.6931203920410524e-02
2.3867536391444821e-01
3.9265814848238240e-02
-1.0698673541878213e-02
-1.6716820381473629e-01
-3.4416402325298558e-02
1.0013575092672153e-01
2.2657245256234099e-01
1.5941037751103607e-01
2.0377113956354675e-01
1.6409900045974424e-01
9.3391167438189010e-02
-5.0578462933837727e-02
-6.0986453176433544e-02
-1.1485889673183487e-01
-2.8264980594496208e-01
-1.1393860625692352e-01
-2.8780302061930441e-01
1.5308632627493260e-01
1.7734496093064833e-01
-1.0850057278272079e-01
1.0869770934650337e-01
5.5667575931790572e-02
-8.9449940494999325e-02
-1.8526444406604789e-01
-1.8541662469253381e-01
6.7784375613280101e-02
7.2986043247367308e-02
-6.3318049465199588e-02
4.2341250997422003e-02
-2.1597163100004690e-01
-2.2870709049455190e-01
-3.0714891531946290e-02
-7.5000410570611561e-02
-2.3216375504446923e-01
-1.4804409312561878e-01
2.8131583884996009e-01
1.1316276851058477e-02
1.1533157773379932e-02
-1.0256192053021894e-01
-2.9151451743703906e-02
-1.8163098601248273e-01
2.1310387486573124e-01
2.4222502815974831e-01
-1.5378543128887520e-01
1.4413993926918436e-01
-7.4616001179143146e-02
-9.7677026862723351e-02
-1.8809182132822957e-01
-1.6427751505563862e-02
2.2250211970715125e-01
1.6063122581161424e-01
-8.6634448877932146e-02
-2.1446913903569741e-02
-9.6676696341947296e-02
3.7992546576682461e-02
-5.3685348265919607e-02
2.1130570021806017e-01
-2.2345989630262594e-03
9.0524897961249878e-02
6.9075874199106491e-02
1.3923721261479380e-01
-1.7811427645472305e-01
-4.1381302964914837e-02
1.0787423928361385e-01
1.5473359159909833e-01
-1.3350000949773858e-01
-5.3718080508382116e-02
-1.6619590406705634e-01
1.3467466455794883e-01
2.2899131226114847e-01
7.6745079344931785e-02
-2.5023125965804427e-01
-1.3374716469345560e-01
-7.4961570810930162e-02
-9.8974036995044562e-02
1.1362051770375592e-01
-8.7511584541601337e-02
-1.7144461648529311e-01
-8.0152036931500723e-03
-1.8808278848143265e-02
2.3056825164210118e-01
-9.5773602352121789e-02
5.1460978657528939e-02
1.5593894131653177e-01
1.8444740229965556e-01
2.1164336270499497e-02
-7.6562190861742749e-02
-1.2610508651994079e-01
-1.2914287122826307e-01
-9.9609805281207678e-02
-1.4005898891938026e-01
-1.4155036087675041e-01
-6.3350208454475143e-02
-1.1163268605175385e-01
-8.8333205477558685e-02
-2.9349211622931276e-02
1.4506927180977675e-02
-9.6799988710158436e-02
-9.0391445845486293e-02
-7.4523149081223539e-02
7.0231391086973520e-04
7.4642026901975009e-02
2.6191660290730140e-01
7.5067775821053812e-02
3.1815800246739639e-01
-1.7813574063305565e-01
-1.4730706007052335e-01
-3.1105088621845859e-02
8.8679406336290515e-03
1.1129519323886704e-01
2.8101315892021395e-01
1.0942467395640607e-01
2.9107557990159910e-01
-2.1214210437416725e-01
-1.8959200864564713e-01
-5.8548899924364968e-02
-8.2754718060781655e-03
-1.5532177013331858e-01
-1.8383034803686393e-01
2.0733031577200672e-02
-9.6276641085077982e-02
-1.6685179901562350e-01
-2.2118347496920707e-01
-8.7842815368950708e-02
-1.1790467796967150e-01
8.6877971580030425e-02
8.0335991124866959e-02
2.3371002375173779e-02
8.0501016732331364e-03
-2.4837422476896537e-01
-1.0090176263189055e-01
1.2702919107699823e-01
1.4862024251928282e-01
5.8067269333218111e-02
-1.0705833292187113e-01
-1.7548472006985871e-01
-2.2058693637669041e-01
1.4316455702777103e-01
1.1858353222072901e-01
3.9095184037242381e-02
-1.0040836255887045e-02
-1.2318300611304058e-02
1.6818650316427688e-01
5.2350516031817507e-02
2.8758279472467141e-01
7.6547930363571617e-02
-9.0037768532780671e-02
-5.5454049913179496e-02
-2.4545135984637814e-01
-2.2448984535540933e-01
-1.2211320631736465e-01
1.7273963296649703e-01
6.9098315539928956e-02
-7.9730345345996614e-02
-2.0765301421506627e-01
-4.8223385652099160e-02
-2.2610430720071356e-01
-1.5606790783307647e-02
-1.8536614134066862e-02
-2.3507328421611039e-02
-3.8980672059136337e-03
1.8118561441238665e-01
2.2884030359090929e-01
1.1201715486590973e-01
1.0516099352844277e-01
-1.4644512163148293e-01
4.6079656058833421e-02
5.0572746820381861e-02
2.7048936395487583e-01
7.0669884482934264e-02
3.7806380521575089e-02
7.4795718671276143e-02
-5.2526867939469167e-02
-1.3118229815070881e-01
-1.6763497122619361e-01
1.4772033363719550e-01
-1.3203826682009287e-01
1.9120099164946555e-01
1.2243405214261398e-01
-1.7188062772880189e-01
-2.2215190983501817e-02
9.5730569697642362e-02
1.0990580959541987e-01
-1.1021269981918036e-01
7.6045615914837189e-02
-1.0821318752257749e-02
-9.7344566640299612e-02
-2.0984397041560354e-01
-1.0005975522803906e-01
-4.9416568674999418e-02
-7.2311061715314054e-02
2.2597937437140991e-01
-1.0429797068221441e-01
1.3949122097308161e-01
7.5714774695773437e-02
-5.9588804589987859e-02
-5.4189715025195435e-02
-1.8180963387050731e-03
3.3041313889862603e-02
-9.7435697109006209e-02
8.0429936506110036e-02
1.5652145250821431e-01
-7.9962186540531735e-02
-1.9910548750399182e-01
-3.0730886691507531e-01
-6.9688071570375737e-02
-1.5144366307268503e-01
3.4961489261614236e-02
-1.6489539478305296e-01
1.1109281126703670e-01
2.5605028577489638e-02
4.5654883345742692e-02
-1.2282835418607492e-01
-9.5156819451544014e-02
-1.9848793301050112e-02
-1.2049813513047472e-01
1.2742588244076131e-01
-1.2364881060111800e-01
-1.1299748187349430e-01
1.6459285221103009e-01
-5.4710235481678152e-02
1.2643716585017792e-01
1.8081913830993827e-02
-2.0404097604804408e-01
-9.9487448513604262e-02
6.7286157326379450e-02
4.1307280819867273e-02
1.0319674566888891e-02
-2.7089177844852878e-02
4.9725609519593220e-02
1.2005084264408415e-01
3.4087551878921492e-02
1.2421384565826431e-01
6.5098871958188045e-02
7.5792283414352776e-02
1.9397343255665644e-01
-8.3652291142765987e-03
8.2845181903469345e-02
-1.0267668206570998e-01
-9.4754725319848895e-02
-2.6643900995527836e-01
8.4313515204084227e-02
4.0050993649777274e-02
-3.6197424215163608e-02
-4.2306742129849972e-02
5.6160612123752104e-02
6.5658163580730053e-02
1.1165266550684458e-01
6.0479880192847134e-03
1.6499173596064381e-01
1.9502510176841084e-01
-1.0172052458881621e-01
1.2017968903628574e-01
6.1099847036585990e-02
1.8424105983941782e-02
-1.2418886489923797e-01
-2.5927941767519832e-02
-1.2429799619866694e-01
1.6127611551560062e-02
1.3119011668853044e-02
1.9784656675928125e-01
2.3747823998999792e-01
3.2027275522297075e-02
-9.6191008190360805e-02
-2.5612499576111014e-01
5.4724408712195582e-02
6.9756323993615144e-02
4.9352786090874075e-02
2.9265166424937820e-02
1.4968199008599140e-02
6.1267589513345294e-02
2.2982228707154879e-03
8.1417771871062930e-02
2.1995007489124649e-01
2.2245662221706428e-01
3.9148954761449056e-02
5.7003255192752643e-02
-1.5812676686148056e-01
-2.9030042689858288e-01
-4.5948182191271156e-02
-2.5579198405006665e-01
1.6986870266515536e-02
-1.1614924873817294e-01
-1.7562968107606350e-01
-1.7838255104616607e-01
7.0854334681521774e-02
9.1828247663017656e-02
-9.4268710887462429e-02
7.6804978160367313e-02
1.9862879169269812e-01
3.2868432886335841e-01
2.9529387628160143e-02
2.6739117426581682e-01
1.3007849076489236e-01
-7.2659041291580642e-02
-1.2542727716355317e-01
-2.7502054312003832e-01
5.2300328093339968e-02
-5.0231912917438365e-02
-1.8164977173840208e-01
-1.1568955772185842e-01
-8.5441182424168524e-02
1.7599124975078480e-02
1.6973078427633764e-01
1.0997242125013672e-01
-9.9326666232812319e-03
9.7862105840379660e-02
5.2112968947458413e-02
1.6622109880998442e-01
6.1623207019162386e-02
-8.3934272319667394e-02
-4.6583528533610703e-02
-2.1637651250896192e-01
1.5362539641970033e-01
-6.3833179418333386e-02
-9.3702208011048130e-02
-3.0041891319418090e-01
1.1652092549145580e-01
1.0660085137503786e-02
-1.2764990740593216e-01
-1.1565399074593785e-01
-4.1901731791076410e-02
-1.1611359890180376e-03
-6.8961640463151064e-02
7.2494291313606088e-02
-4.8414147826842009e-02
6.1997567286845454e-02
6.9036718583535370e-02
1.5591104080617546e-01
1.0488964498605525e-02
-1.5118725923061951e-01
-1.8593029965818089e-01
-2.2576062257546609e-01
1.8310042777328103e-01
1.0236660697178293e-03
-1.1025789656907480e-01
-2.2892070664019254e-01
-5.2555230321116170e-02
4.8236116295602170e-02
-5.0470136294577896e-02
1.6607882339844190e-01
1.2704069408401375e-01
1.3076962650478341e-01
9.1002300209561376e-02
2.1026026799494522e-02
-1.6047296184036575e-01
-9.2309195834987048e-02
1.5235874051098389e-01
3.4325632269672043e-02
-1.1817340479848799e-01
1.0104492549543895e-01
1.0784643648606465e-01
3.1008149923169270e-01
1.4771353837614873e-01
1.3427998950313083e-01
4.2313980038165049e-02
9.2145963939216195e-03
1.5670195819347041e-01
9.1262160097992873e-02
1.0398924962925613e-01
-8.9767452743639259e-02
1.4160466313890097e-01
2.2541330577088342e-01
1.6857380420565438e-01
1.4173869008824039e-01
-1.4933513821736316e-01
-1.8324194881153755e-01
1.0016844049659758e-01
-1.2192764130557192e-01
1.6371234145895788e-01
1.6688336700778980e-01
-9.7164491458392663e-02
7.3668149516701989e-02
-7.6191999079075999e-03
1.4214584332935043e-02
1.3703320512446093e-01
3.0046142869970351e-03
-1.3323365232191947e-01
-3.0058757492924759e-01
-1.0522511644586792e-01
-2.9423590633980823e-01
-1.6800240012374471e-01
-8.4406782320335230e-02
1.1236437533291693e-01
6.7319664901236559e-02
-2.1125047363210261e-01
-2.5336506069167014e-01
7.6515285834277719e-02
-1.4766538720992450e-01
1.7599045599901497e-01
2.3053462252400767e-01
9.9353003864353293e-02
1.1818194215702631e-01
1.3428284005479141e-01
1.6893758745260365e-01
4.3386142676317567e-02
8.5938988835853380e-02
-2.8663877015086220e-01
6.9135006015118511e-03
1.7933165996651398e-01
3.7112148235606396e-01
2.0325837403260869e-01
2.6831873316807270e-01
9.4721001794480328e-02
1.4456617457717075e-01
1.4478460139893576e-01
1.0909830767215248e-01
-1.9780464397796498e-02
-1.4691903339224568e-02
2.2102024879035545e-01
1.0004855795915403e-01
-1.6242463375507959e-01
-1.0366818549326903e-01
1.0415294347268673e-01
1.8798781078242463e-01
-2.2767731014623458e-02
1.7526571791751652e-01
7.7100017090622822e-02
9.9282916641171785e-03
3.9812258079270170e-02
-1.0028112536582058e-01
1.1544041911247024e-01
2.1417785897781840e-02
-2.0898642785496635e-01
-7.7374026693912371e-02
2.0788431129855472e-01
3.1430765352017542e-01
1.3643678982681979e-02
2.3396455983234457e-01
1.8265427690541736e-01
2.2178990241064994e-01
6.2336093709639391e-02
1.0269524868870278e-01
-1.8501776466774728e-01
-2.4870769181915742e-01
1.1693339472093653e-01
-1.8581737952421801e-01
1.3469234314582976e-01
1.8209433981109910e-01
1.2030052965838370e-01
8.9768686199971484e-02
8.9676498699533772e-02
1.2213019500073981e-02
-1.4480832284163267e-01
-7.1568460575460846e-02
-2.5259604433452348e-02
-9.8775403587683219e-02
-1.9721495677749246e-01
-8.5180218688756984e-02
-1.0786949991672065e-01
-1.8984669375701249e-01
-1.6034699956793919e-01
-1.3107717471081751e-01
-1.3278501524876188e-01
-2.6725406874108359e-01
-9.9770313374678468e-02
-2.4014775691016876e-01
1.0204117118175070e-01
-1.2009530350139860e-01
-1.1194191118449545e-01
-3.1857201440105865e-01
1.1498419176020870e-01
4.4564504979914592e-02
-1.1949741454752744e-01
-5.8451858518086632e-02
-2.7219964569071931e-02
-1.0917087347834482e-02
2.7378433201907478e-03
1.9096470732900352e-02
2.0748016247132156e-01
6.3290087244544851e-02
-2.0153415600442298e-01
-1.3746361549723743e-01
-1.7359149450255049e-01
-1.0271954939044253e-01
2.1363125374689257e-01
2.1095328331795105e-02
-4.8716677732543838e-02
1.6658387403509937e-02
2.5763513610217011e-02
9.0157671352745744e-02
-1.8343544797300868e-01
-8.6263220184903053e-02
-1.1824448700787070e-01
1.3881634267458082e-01
-1.2045108529949422e-01
-2.7918279542607061e-01
-1.0425868222149441e-01
-2.7638926054493984e-01
-2.3099578677832311e-01
-1.2399299366693065e-01
9.6119868457796701e-02
9.2659464696318930e-02
7.2308008444930238e-02
2.1729926492808638e-01
1.4162696970892608e-01
2.3119718452727145e-01
2.4713188761701274e-01
1.7784882441302477e-01
-2.6753158991348630e-01
1.4631042787326153e-02
8.8618012538891275e-02
2.7700421092445099e-01
1.4859085202377217e-01
3.0704209901795715e-01
-4.5751913990467949e-02
-1.1747058477845501e-01
4.3814178713556709e-02
-1.4335328057110500e-01
2.5568297149917285e-01
-2.1639788165366023e-02
-1.6865527141473208e-01
-3.5502358022222402e-01
-5.9830716039813714e-02
-1.4650064992132378e-01
-5.0654179586926903e-02
-1.5068716007208272e-01
-2.3089490599243803e-01
-1.4033451880038419e-01
2.6178044307097303e-02
8.1165088653195869e-02
1.3996099569733739e-01
2.0122625533690658e-01
1.0418063944083165e-01
1.1823396862455693e-01
-2.0249709601374671e-01
-2.0157396508058814e-01
-1.1970244460969035e-02
-5.2591534803795428e-02
-5.4949660021186959e-02
-7.3703296525399697e-02
-1.3475444788248941e-01
-1.5936489172963531e-02
2.0706772357952602e-01
1.4633773268577357e-01
1.5023750549276560e-01
-7.8344654072272854e-02
2.3681278865003078e-01
2.4168879628354065e-01
-5.5324687311182938e-02
8.7447097491364770e-02
3.9515015874314538e-03
-7.0164353136383570e-02
-8.1017756871422097e-02
-1.0470404196753634e-01
-2.2461866778678038e-01
-1.9816942854877371e-02
1.3251099562903562e-01
2.5029491281594307e-01
-1.8412498905678254e-01
-2.5119594759233571e-01
-7.8707994033379455e-02
-1.4624908987814317e-01
-1.5777023562036047e-01
-1.5659655845548767e-01
5.9147556541728749e-02
-5.5960176724546291e-02
1.0647357629051715e-01
1.1930514211502696e-01
-1.7933462049384166e-01
9.2704848978872254e-02
-1.9665942418008425e-01
-4.3647171100496367e-02
-3.8628503338802491e-03
2.0255522658904879e-01
3.6332302395490866e-03
1.2417755030339120e-01
8.0026837731760919e-02
1.8502050066010048e-01
-6.9671580090535881e-02
-1.0061147679841335e-01
-1.2280680613838775e-01
-4.3282416004077222e-02
2.3128883181154022e-01
8.9512861506882268e-03
-1.7873426538310419e-01
-2.6723439506168356e-01
-1.7380562126624954e-01
-3.0015364700569286e-01
-1.1492538883539999e-01
-2.3455173572540713e-01
2.0677571002237005e-01
9.9436688375294530e-03
-2.9036644569724830e-02
-2.6572385127046499e-01
-5.9423325108262093e-02
-2.2518597933809262e-01
-7.6431512246428773e-02
-2.7744801772106148e-01
2.5199118756648548e-01
7.0788515654792591e-02
-4.1062215367975198e-02
-2.2401110406020741e-01
-1.9491829096400454e-01
-2.3954019617020111e-01
-7.3511675959998897e-03
-1.2799863986513146e-01
2.8476860272575073e-02
-1.4817675282803980e-01
-5.0478603370987224e-02
-2.7700683020889205e-01
-2.2653175611032811e-01
-7.2047599158263878e-02
1.4808421618689560e-01
1.6168813181607064e-01
2.3250591516025543e-01
1.4874282645904904e-01
-2.4980557342555110e-01
-1.7868299128670283e-02
1.6187570881564178e-01
2.3930746896938079e-02
1.0866765300089747e-02
-1.8863969200174316e-01
1.3847931889353743e-01
9.7705741476962031e-03
-8.0500131873961364e-02
-1.5869184278565510e-01
1.3458850239766076e-01
-1.3652980724968278e-01
-1.9358033557901760e-01
-3.7289664145457968e-01
1.0203829311933962e-01
1.0762198461814079e-01
1.7187007003749387e-02
3.4091920943906395e-02
-1.2714080562885707e-01
2.9632817418506263e-02
9.0109409595900844e-02
2.0679100422516658e-01
-6.9328934522863775e-02
9.0078973530196386e-03
9.0303374472846851e-02
9.1287141498540031e-02
-4.2692370627867238e-02
-6.0392930311358249e-02
-1.9534358306184624e-01
3.2101525326960834e-03
-2.0662991809707820e-01
-6.3958273526180096e-02
7.0683234430377218e-02
1.6524661889934417e-01
2.6734843549113638e-02
-5.4776454310554612e-02
-1.6386258357651179e-01
-9.1667301755523733e-02
7.3312196162189661e-02
2.2727524581105135e-01
1.1852070876472894e-01
2.5185784797133692e-01
-1.5233987059298193e-01
-3.3439492703992640e-01
-1.1344734663283765e-01
-3.2239760277532969e-01
5.4975204728224321e-02
2.3044572880475089e-01
7.2239991411748986e-02
2.9346261487630104e-01
-1.5926236519983761e-01
-1.4612142389652411e-01
-1.3475458040993576e-01
8.3091905002259485e-03
-5.0031045822461422e-02
-9.0060169791137332e-02
-1.5855455692184139e-01
-4.4804309231087920e-02
2.2396498964282432e-02
1.1993226167189910e-01
3.6802847351989992e-02
1.6159975395108095e-01
9.6362162931352455e-02
5.7545192597117809e-02
9.9997367535227963e-02
-6.1100636039256903e-02
-2.5147096498237737e-01
2.2095122325666718e-02
2.1964891037418990e-01
3.3817146739790749e-01
1.0476818701240799e-01
1.1498617038032599e-02
-6.7639239674674445e-02
-1.1161576087812582e-01
-7.8188519055407496e-02
4.2449648585644865e-02
3.3182232455946710e-02
1.7296259714234344e-01
1.6650327652384930e-01
-5.6172193611520128e-02
-1.2343246824679971e-01
-2.9872281191877298e-01
5.4445655398149537e-02
-5.8963349395215837e-02
-1.2414179456500074e-01
-1.4657579823346537e-01
1.5514952814608471e-02
-1.4454541089677376e-02
-1.2760978299514483e-01
-1.6614008506174845e-02
-1.6677690472957651e-01
-1.3117037139411628e-01
-1.3001138635906151e-01
4.2828735365764856e-02
3.8330989445121609e-02
-9.0564036264860523e-02
-7.0963547111984257e-02
-1.8933603275807240e-01
-1.5325982059262591e-01
-2.3639619694596689e-01
-1.2541516220843005e-01
-1.5381040481276614e-01
-6.9939843378288305e-02
-6.7594550088281885e-02
-1.6859649273223884e-01
2.3061926795512753e-02
-4.9778630927101365e-02
1.1193772599491132e-01
1.3882078761415017e-02
2.5435744108934699e-01
-5.5022058600462956e-02
7.4248936997323434e-02
7.0543562368132903e-02
1.8537430926329357e-01
2.0319000942572610e-01
8.3715020718720695e-02
5.1617545565060464e-02
-1.5539115822173699e-01
1.7809806800521294e-01
-3.7518918517544827e-03
-1.4925398112100452e-01
-2.2097687411857980e-01
-5.3745713309776726e-02
2.9116614300083443e-02
-1.6131995714442866e-02
1.2774267986093796e-01
1.1289275771113168e-01
-9.3613402610656260e-02
-7.9350582361803493e-02
-2.9677391799615882e-01
6.0922971758674005e-02
1.5855390618640896e-02
-3.8753261857967784e-02
-4.9642621308121339e-02
1.7702334561625269e-01
-2.1528660825353964e-02
-2.0612303888926334e-01
-2.3624404760269449e-01
-1.9300938107001514e-01
-1.9808424196633290e-01
1.5737385160787631e-01
-9.8943515454673961e-02
8.1069071543962423e-03
-2.2241552734056244e-01
-1.2743589609847930e-01
-3.5548161627626967e-01
-2.7259824976842897e-03
9.4570037879685778e-02
4.5516228006985807e-02
1.5213473285812898e-01
-1.4780787715168428e-01
-1.6747886014386995e-01
-1.3909412925952247e-01
-4.2568612004949880e-02
-1.3436957258365081e-01
-2.9446185265594649e-01
-8.5537817957562018e-02
-2.8688989152745131e-01
-5.3428548302131271e-02
-1.9983145752703341e-01
-9.8410040833094292e-02
-2.3820224154100578e-01
-9.9998912293068648e-02
-1.9381668242969236e-01
-2.8527320752394485e-02
-1.7906369220995086e-01
-1.2590528948476976e-02
1.3806537603230756e-01
1.4736925571409606e-01
2.1553450799024712e-01
-1.7236059859219816e-01
-2.8052194083585913e-01
-6.6017813945728587e-02
-2.1485666525199348e-01
-1.3590994415473342e-02
1.4319401531458784e-01
1.5590701064794205e-01
2.2358117232442420e-01
8.2335348970694805e-02
-7.2239482029643323e-02
-6.6842802915301480e-02
-2.2103874715166691e-01
-1.5861003733536985e-01
-9.1363977798629759e-02
2.6588152814610261e-01
7.1996462779382866e-03
1.0604258620689332e-01
-5.9565826474947153e-02
-2.9878624839127985e-02
-2.4140540730770205e-01
-4.6087837534386028e-02
7.2053631186837636e-02
-7.1520147941615583e-02
2.0186950786220126e-01
-6.3815399376938656e-02
-1.1180417686607427e-01
9.4193897438718893e-02
-1.2017043951584508e-01
2.0871163553224453e-01
1.4484193526176831e-01
-2.0962244154074056e-01
-3.9238363345179872e-04
-8.9398592926661830e-02
-5.2234186467671265e-02
-5.7239187667220984e-02
5.0448629129317184e-02
3.9579341791990776e-02
1.2596325096510944e-01
-2.5123393317501248e-02
1.6194465254488413e-01
-4.6702997670799301e-03
-9.6303857572602611e-02
-4.9507168395948056e-02
-1.4378719385478914e-01
3.7842697698393858e-02
-2.7722054139508553e-02
-2.8384760954352793e-02
-9.2928529686065214e-02
-5.5926384098049890e-02
-4.6634297948746324e-03
1.1932448909729186e-01
4.2918927911015890e-02
-6.0046691224925064e-02
-2.6112527350487807e-01
-9.9939079759337857e-02
-3.3151536638848894e-01
2.3761881102401616e-01
1.7539033929124132e-01
-1.4266798801542391e-01
-4.9132127909726746e-03
-1.6663121054294555e-01
-3.2579578379845132e-02
2.2131815663532503e-01
1.2736736448246772e-01
8.8808536014657088e-02
1.9826638744541697e-01
6.6207538879114181e-02
1.9351480973645452e-01
7.1956544042839632e-02
5.6144288880700206e-03
1.1820948201767506e-01
-1.1836342305048456e-01
-1.8803832394573849e-01
-2.2623324724629493e-01
5.2553047159857959e-02
-1.2905118428956858e-01
-1.8932850094506834e-01
-1.5193639621008989e-01
2.0468416320367494e-01
-3.7484149785938031e-02
-1.3496150376406323e-02
1.3499729176508313e-01
3.7437426422019374e-02
2.3693171912917754e-01
2.0772153604519705e-01
1.1002228124268577e-01
6.6266314689432407e-02
-1.2092355731243491e-01
-2.3273610652543991e-01
-1.1578805308638182e-01
5.4318458133088117e-02
1.1848315264332895e-01
-2.1802111472114458e-01
-2.2859386987923416e-02
1.5568946029582231e-01
2.3063149007773034e-01
2.3021283203372073e-02
-2.3621801716170086e-02
2.0148988198558412e-02
-7.6483676347546672e-02
-1.4504823797542465e-01
-1.5493825267408351e-01
-1.3395780166307097e-03
-5.7051558867468433e-02
2.3696736468678709e-01
-9.6553001178949476e-03
-1.1339950329651279e-01
-3.2144179031848774e-01
-1.8521814154966135e-01
1.4199411462794903e-02
6.8166423446767002e-02
2.6712282419960459e-01
-6.0636036362452786e-03
1.7413049536077249e-01
1.4959831227272188e-01
2.6645294848205797e-01
1.3228181789317586e-01
1.9503225207726110e-02
-3.3896875019714480e-02
-1.4440301056216326e-01
1.6249193524222533e-01
-5.9840859620183581e-02
-1.1123586286077779e-01
-3.0207950598783534e-01
5.0028129063788000e-02
1.3556578610383060e-01
4.0617091825238046e-02
1.4834016164567135e-01
1.6350690224115000e-01
7.3561495725477918e-02
-6.1177563324076270e-02
-9.1016778366135823e-02
1.5322944539368408e-01
1.5554619775891643e-01
-1.3739885277559610e-01
7.8541708562092541e-02
3.3255490460708657e-02
1.0965190795653765e-01
1.3724413510899214e-01
1.0605595881144625e-01
-2.5589014741244959e-01
-9.9336722458039178e-02
2.4910184113402128e-01
1.3368145014441518e-01
-1.0695537836891521e-01
4.2130154943018472e-02
1.6429006999057646e-01
1.8249300114636324e-01
3.2297265448623581e-02
6.7661449908480858e-02
2.2150396067737216e-01
1.7511503205580994e-02
-1.8265416215721728e-01
-1.4172005937179585e-01
9.4649225758106789e-02
-4.3552275110749035e-03
-1.0863999007620405e-01
-2.1455841045826335e-01
-1.6431561907029016e-01
-1.7058038177080512e-01
1.4761704646928409e-01
1.2878299559399956e-01
7.0725404817370968e-02
-6.4146271462743893e-03
-1.8063135506437816e-01
-6.0336274069184889e-02
1.3160629612680680e-01
1.2096769133638587e-01
1.6814929682958915e-01
1.7070851820462329e-01
1.7066849561561531e-01
1.2290045215917006e-02
-1.7357094950113994e-01
-2.2878455080057311e-01
-6.3484255721276209e-02
-1.2687544601304901e-01
-2.3013763157694789e-01
-2.2428000660006780e-01
1.3781798778440368e-01
-8.6521078349603833e-02
5.9918220104486539e-02
5.6572646832246554e-02
9.1604365150137923e-02
-9.8502051884347061e-03
-2.2455857849500549e-01
-1.6087991658361320e-01
-7.7804178388189843e-03
4.5618488815443670e-02
7.7028072664762887e-02
2.3523002919301006e-01
1.2582498906234391e-01
2.5833950754879198e-01
2.9827419342848504e-02
6.5014334185137454e-02
1.3245347413885861e-01
3.7000151480030136e-02
-1.1726625793287060e-01
-6.1589568482811954e-02
5.5244591803463750e-02
4.7833034102212714e-02
-1.0867583540645724e-01
-1.5353116224116606e-01
-7.4758860490813289e-02
-8.8656764058940976e-02
-2.6526014011236482e-01
4.4768459590230191e-03
1.4394953161617874e-01
3.4527748543631842e-01
1.5046684191646714e-01
9.9417320400579223e-03
1.6154210432419956e-02
-1.9739350896381522e-01
1.7548265836191584e-01
1.3047333140524070e-01
1.9925332226256887e-01
-7.2095430680545483e-02
1.8055666762801229e-01
7.0090993933385845e-02
-2.5575637442087651e-01
-7.5931622919873779e-02
1.8556571058398835e-01
2.4993601917250483e-01
-6.1496126292690668e-02
1.7436403672109724e-01
-1.4385672399763080e-01
-1.7471574147444710e-01
1.1601889044172652e-01
-1.1891624411824876e-01
-1.5507516940467700e-01
-3.1382928934199367e-01
-5.6181203826028030e-02
-2.9721211113458318e-01
-8.8676486682527381e-02
7.9321120619937152e-02
3.0205856698223801e-02
2.5022107925464709e-01
2.1828323658745383e-01
2.7169406786085276e-01
-1.2845155129282437e-01
1.8055328375908686e-01
1.0618565854585837e-01
2.5202477744888591e-01
6.4601174412543738e-03
2.7322553535080851e-01
-1.1211838473042718e-01
-7.8730206438234390e-02
-5.5870320719875091e-02
3.7409729694025319e-02
2.9878151097164539e-02
2.2264720824180202e-02
-1.0673424182842092e-01
2.0158308200109974e-02
1.2890745732786685e-01
1.0282071038839539e-01
-7.4695105907332401e-02
9.5951939883066745e-03
3.2188667002408057e-02
5.7674042470584205e-02
2.2648108508709595e-02
4.6627372883584442e-02
1.1249185427586327e-01
-2.5239948199494228e-02
1.5353794393530290e-02
-2.0318884320267658e-01
1.8593206482073413e-01
2.1708363115832519e-01
1.7489788629571712e-01
6.4322768925542340e-02
-1.3758332670204671e-02
5.7114534494967811e-02
-9.3629774318340436e-02
1.3666964462153128e-01
-1.7023465971730700e-01
-2.2324074086983969e-01
2.7461886245167322e-02
-1.4314765463110476e-01
1.5236383642297063e-01
1.2916112076006939e-01
-1.3306625891074156e-01
3.4452617599789806e-02
1.5697865975194353e-01
3.1471668146113192e-02
8.6577242290145268e-02
-1.8654337432058460e-01
-2.6674933941490642e-01
-2.6471473351361432e-02
2.1151779169965690e-01
2.7985493326999955e-01
1.2020111426005882e-01
1.1570607066399612e-01
-9.5286913197188822e-02
4.8139207151926523e-02
1.1372086275185904e-01
-4.2312995338351540e-02
-1.1965718103724148e-01
-2.0252387068252919e-01
-1.2842046547793676e-01
-6.7966097260546171e-02
9.2604410936661663e-03
6.3296889316638794e-02
1.5527312463785967e-01
1.2793631800681293e-01
-1.9704379860052421e-01
4.3042366358467976e-02
-1.8953127282496732e-01
-1.4386215822999093e-01
2.5628066900206131e-01
-3.5509687047993378e-02
-1.1213673150180875e-01
-1.8125572987411134e-01
-1.3894812375242049e-01
-1.1560747414574551e-01
-2.5316693955594682e-01
-2.0283760904413695e-01
2.5561546880648067e-01
-4.5411157152035600e-02
-1.0132310989358052e-01
1.1045698078538814e-02
2.3142730287598331e-02
1.5488653561917334e-01
-1.0901088861717527e-01
-2.0048569935946639e-01
-9.3666976988539319e-02
-1.6268058505714644e-01
5.5685632548193642e-02
1.5297582838069490e-01
-4.3631088249253956e-02
1.8903906033000439e-01
-1.7848317800521701e-01
-2.5672477392956228e-01
-1.1428178072066832e-01
-1.5523901116799635e-01
2.4373222751685236e-01
1.6386899530383170e-01
-4.9066692270620417e-02
-5.4332744679979381e-02
1.6363809817497843e-01
1.9196954969928992e-01
9.2510720276443068e-02
7.2271507090064885e-02
2.4404578761651544e-01
6.6874659370095776e-02
-1.9556717987888744e-01
-1.8394040022394473e-01
1.5504624166473135e-02
1.6762011015520700e-01
1.5021207650844545e-01
2.2522521412843632e-01
-1.7522112920723068e-01
-5.0848126981462786e-02
-6.2445948369114671e-02
1.7396399070319682e-01
