tensor
2 
5 5 
2.3058536150570708e-01
2.4084897145197215e-01
8.1787797637948856e-02
-5.4686333698143408e-02
2.4444721831708205e-01
2.4084897145197215e-01
-1.7753960263774060e-01
8.5866586018067403e-02
3.3693618278325110e-01
2.5174149469892293e-01
8.1787797637948856e-02
8.5866586018067403e-02
-1.3936342899779730e-01
3.6462171429086421e-01
-2.7708831090291597e-01
-5.4686333698143408e-02
3.3693618278325110e-01
3.6462171429086421e-01
-1.7224503950659320e-01
9.7336084630558872e-02
2.4444721831708205e-01
2.5174149469892293e-01
-2.7708831090291597e-01
9.7336084630558872e-02
1.6265383428721447e-01
