tensor
2 
5 8 
3.9965099050908082e-01
2.6258553937322693e-01
3.8248630740029799e-01
-2.1504978197517877e-01
1.7322598645225773e-01
1.6427990441805074e-01
-3.7718500610047412e-01
-9.2681576943187127e-02
-2.2471304868430997e-01
2.1666974063914168e-01
-2.1661561837106369e-01
3.9619885684949541e-01
3.2657889231356019e-01
-1.0997348718600231e-01
-2.0970570358134211e-03
1.9480519267249385e-01
3.3436900109993772e-01
1.0962968967573239e-01
7.4737160856408025e-02
-1.7395782907720869e-01
-4.3575399148253036e-02
2.1379558323313452e-01
3.8440504527599495e-01
2.2085567081693147e-01
-4.8138722527361388e-01
1.7477646712828576e-01
-6.1491175763487171e-02
-6.2179820833729971e-02
-3.8296318049434219e-01
3.1468168951858222e-01
-1.7514456136949097e-01
-2.5377188576535858e-01
-1.5728677887672049e-01
-1.2430785999041172e-01
4.6553793082958927e-02
6.1920154265976746e-02
-1.0417777137599904e-01
-1.0186912046866414e-01
1.5367219211572358e-02
1.5753054209591100e-01
