tensor
4 
3 8 7 11 
1.2882377424909336e-01
2.8595922728021955e-01
-1.2894955275585065e-01
-8.9099539268115743e-02
8.6164638259629195e-02
7.4340522940566228e-03
-2.8816949154509441e-02
1.7534376753810574e-02
1.8376090999034842e-02
1.3046338832752158e-01
1.0540180604570279e-01
-1.7414395554544271e-01
-1.2788373960832072e-01
-3.9941347515863063e-02
6.5459953090954509e-02
9.1871433182363627e-03
1.8638843864548515e-01
-1.5462084894548905e-01
-1.6169245431016219e-01
-7.0154583402041518e-02
5.0985197541337138e-02
7.8149156620068772e-02
-1.0032878903325840e-03
2.6759538345171724e-02
-3.0108102281005961e-01
1.9443091674510005e-01
2.6379625006964080e-01
-1.8953139293818519e-01
-2.4275477365973108e-01
-1.5654817602214310e-01
2.2288334239084259e-02
2.8434573724617962e-01
8.7333928129314856e-02
9.1489992328696278e-03
1.6888982202603434e-01
2.5601152650552861e-01
-9.0419824852653874e-03
2.1793210055130188e-01
3.9399373854533715e-01
-1.5405181513290905e-01
-1.1341674883871788e-01
-1.6048382663192748e-01
3.4358643993951478e-02
-1.8261763617320073e-01
-2.2612861081970642e-01
-1.9550192313244088e-02
-5.9825680303988119e-02
-8.2754690917790447e-02
1.8380865000362856e-01
-2.9853847350699475e-01
1.3921519328366272e-01
3.4911504862856757e-01
1.6972273262193216e-01
-2.4160767448100556e-01
-1.1017047697292853e-01
-1.1181761410892568e-01
3.3719068089303073e-01
-1.7123127165111121e-01
-3.0188977028125058e-01
1.5967439085157459e-01
-2.6174860022279867e-01
-2.9167287470660136e-01
3.7651919373705101e-01
3.1364733443743964e-01
7.0673619358834164e-02
-1.4004984895103503e-01
1.1866994882322747e-01
2.3435862467474461e-01
-1.1368180619405746e-01
7.4862972639081954e-02
7.7174517513631538e-02
-1.4452104850767433e-01
1.7390444653745948e-01
1.1957577434197576e-01
-2.7609561538394539e-01
-4.6273297230454292e-02
-1.0053525867624599e-01
-2.3366115531296902e-02
1.8608927335873296e-01
1.6334628494620948e-01
-2.8059664163204440e-01
8.7003030125104547e-02
7.6607327877420139e-02
-9.7047431750514612e-04
1.0697566182503737e-01
7.5034331532724902e-02
5.0536216147199664e-02
6.9845257835994198e-02
-7.3564934321278530e-03
-2.0265303985611993e-01
-3.9672119724623235e-02
-7.5324005579385872e-02
1.4271934550108967e-02
-7.1750174464192296e-02
-3.2294563962175366e-02
3.0319309571112930e-02
2.7734318754128934e-01
-2.5115145263199273e-01
1.1604496583295811e-01
8.4400435110943597e-02
-2.8631693204712805e-01
8.4692080495349931e-03
6.5873785691804410e-02
5.2975993613988283e-02
9.2269427345833960e-02
4.7893986022316100e-02
1.1345977668874790e-01
2.3247470012161722e-02
-1.5508582800999754e-01
1.5404377133137664e-01
-2.9778845512182811e-01
2.2050334429592389e-01
-2.5556060387384510e-01
2.2378789902884355e-01
-5.7179732073090309e-02
-5.3760618105489072e-02
-1.1908673707363208e-02
3.5792356472340775e-02
-5.4241741685098009e-02
5.2093147307657975e-02
5.1290003827106530e-02
-7.0312237111524928e-02
-1.6297543431322437e-01
-1.3785012643789613e-01
-2.5449668332315867e-02
-3.2649923014263275e-02
1.4010194774803661e-01
1.0678747415472824e-01
-1.7041960730724084e-02
3.2888148434414233e-02
-5.3897128536822200e-02
-8.5215126195436849e-02
1.2851669199866361e-01
5.0539378591477467e-02
2.2401741627320421e-02
-1.3385180809445024e-01
-1.2292948436454766e-02
-1.1463084691965039e-01
-9.5257717833957381e-02
6.7563510676069596e-02
4.4605433517390360e-02
-8.6983371903304532e-03
-4.6814427959558730e-02
9.6119879337207143e-03
-6.7556588454280170e-02
1.5832935622186418e-03
-3.9276793535421978e-01
-1.8565831631758123e-01
-1.5204812029869680e-01
5.1317554601146148e-02
2.4326676131801800e-01
2.9567069127235096e-01
-3.4436679308168811e-01
3.8931827932823800e-02
2.4660093873627123e-02
-9.1101380570047297e-02
1.5952948133345629e-01
1.2115537105933324e-02
-4.2146900731366371e-02
-9.2607592327070595e-02
3.5607027735157462e-02
-1.5942433460177030e-01
4.0752477011093153e-03
1.6119668529096097e-02
1.1314952539263658e-01
-9.4599562289588796e-02
-7.0412073044894885e-02
4.2036440672024680e-02
9.1959008841913395e-02
-2.7636816963499738e-01
1.8851153879421748e-01
1.6956937656267959e-01
-2.7203119795095787e-01
-1.5377621374379745e-02
-4.5850686156079186e-02
2.6204458601623685e-02
7.7919511966427268e-02
-7.4778255175233510e-02
1.0481790994132240e-01
7.1629267334138366e-02
-4.3957904119168467e-01
2.3421915368550184e-01
1.7766301407263901e-01
3.2131786363271975e-01
-2.9735035443002000e-01
-2.8452427200794030e-02
6.5889588708504684e-02
-3.8970408045446298e-02
-8.6882276525991092e-02
1.0181293015367673e-01
-7.4363193415848253e-02
-3.5853952510741902e-02
-3.6360371990899321e-01
2.0341946705235864e-01
-3.4271734326079450e-01
-2.6615943433448463e-01
-7.0277695414180025e-02
-3.6726801733430847e-01
2.6077491781161685e-02
9.6994276316757439e-04
1.3054210381295800e-01
4.7508751833705114e-02
2.2105210455911387e-01
9.2806826499813533e-02
1.3559654981047034e-01
1.0774119206059739e-01
2.6943088894895018e-01
-2.7484479642810072e-01
1.9388145041395313e-02
-3.6312383719115993e-01
1.2378730021997287e-02
-1.4812877894071258e-01
-3.6582746908608708e-02
-5.6170117762776112e-02
-3.2508321914417576e-02
-9.4149052092067864e-02
-1.2980336461375458e-01
3.3782472618470498e-02
1.4050664553724290e-01
-1.4945577758494816e-01
2.3519718347284774e-01
-1.1919235531569367e-01
1.5003685343132470e-01
-2.2204348434708313e-01
1.5607994878810999e-01
1.7344869104634029e-02
-3.9820444664139393e-02
1.6082143845679797e-01
2.3308015729153428e-01
-9.0781216135541271e-02
1.4483906421090598e-01
-1.5519270653048428e-01
1.5856420170621904e-01
9.1686921202768085e-03
2.6559937558824340e-02
8.6859570272242406e-02
-8.5408904860826404e-02
-1.0101037445056696e-01
1.8727407925582862e-02
-7.8154578782544171e-02
6.0525263530877345e-02
-1.0627795127818249e-01
6.1919550724765349e-02
-1.3491786375447828e-01
-1.9141004831771677e-01
1.9671350941370611e-02
1.8444708262936813e-01
1.9396259443087341e-01
-1.2122187046771959e-01
1.3069269395623723e-01
-9.2661622441995405e-03
1.2248245846922114e-01
7.4795618360061017e-02
2.7960421238379951e-01
9.9801382574993686e-02
3.5890328215095746e-02
-2.4058661824576077e-01
-5.5860275641104462e-03
-3.6554366667992083e-02
-2.1039956095395267e-02
-5.2320648899420799e-02
-8.1594637262682262e-02
-7.8516918961679644e-02
-2.5889549636778184e-02
-4.5085413846018101e-02
2.8069981489877904e-01
-1.1326842814644138e-01
7.7678292378916020e-02
3.1529015356683288e-01
1.7574241146041125e-01
1.1133191207194545e-01
-1.2918222101084417e-01
-3.7844060216600789e-01
-1.3710729790121995e-01
-7.6310233444146419e-02
-3.3268496465019504e-02
-2.3680439105517562e-01
-1.3413955906852798e-01
-2.0630279221303957e-01
1.8810735121205169e-01
2.5761550656624344e-01
5.3613258336974688e-02
1.3606155385514698e-01
3.1798518806825299e-02
4.2815636699449086e-02
1.3816172492732572e-02
5.8701071416212509e-02
9.9799859296158297e-02
-2.5400826262666473e-02
-8.7759003144142478e-02
5.3359096821760467e-02
2.2849782778566055e-01
-2.2593795143683351e-01
6.0114449239479652e-02
-1.3027592395439083e-01
1.1205811386854976e-01
-1.1708992386550644e-01
-1.3827198931397860e-01
7.9794663273906705e-02
2.4279836986503215e-03
-2.0525606973561900e-01
2.2280475615443979e-01
1.1590466790228970e-01
1.9177715053664199e-01
-2.3951745543963898e-01
-7.7530660150302522e-02
1.4284121442915532e-01
-8.7845266718423617e-02
-4.3367385528596120e-02
4.0194476237796053e-02
-4.8372110798788864e-02
1.5429748843353810e-02
3.7105461518893192e-04
1.2680289551758850e-01
-1.1011956241695989e-02
-9.5955696039298946e-02
-2.1079869115688607e-01
-1.2132671236561808e-01
1.4445873071019205e-01
1.6818899372405460e-01
2.4039253928637285e-02
3.5291394433394088e-02
1.4590271583621620e-01
6.6907315323323918e-02
-2.7429753962707224e-02
2.2043402949668023e-01
8.4130418588236555e-02
2.7120496357957317e-02
-1.6559720225860972e-01
-1.2561364489620896e-01
-6.7042442243972680e-03
-1.7418732089727657e-01
-8.6353881270317859e-02
-2.7107415360498634e-02
-3.5888650000718447e-02
1.7777169692663186e-03
-2.9066406946602974e-01
-1.2894684582201218e-01
-2.1684746785876419e-01
7.8373156575032452e-02
-1.5784303558875429e-01
1.2818065045740473e-01
-1.2576306100474485e-01
9.3362796340921109e-02
-2.5098426878835467e-01
-1.6976156082716953e-01
8.1018755479073029e-02
-1.7637174274082409e-01
-1.3084628494614853e-01
6.5697247501071740e-02
-2.7007696918141216e-01
-1.4802454669571686e-02
-6.2275765880298165e-02
-4.1090135524014526e-03
1.6743480430729976e-01
8.0364779575136033e-03
9.1606992144834185e-02
2.5918007726066856e-02
-6.7185387483969738e-02
1.2802823001596819e-01
6.5698448521335717e-02
6.0074512183349291e-02
-4.6250385942628487e-03
2.1536785846906339e-01
8.4395888271693892e-02
-7.1862247763347806e-02
-2.4645159234819483e-01
5.2895949862871501e-02
2.1315776552201998e-01
-2.7777688979544191e-03
-4.6556377281323058e-02
-3.7433046775344203e-02
-1.3825293170051511e-01
-2.5308454224841820e-02
6.9738243927420299e-02
1.6304484950232348e-01
1.1118569003649886e-01
-6.5973262544848548e-03
4.0924517898359887e-02
6.1722738384790733e-02
3.6447567673031263e-02
4.6309723233212322e-02
-2.2577631030046001e-02
-5.7368591544707602e-02
-2.8111505546458160e-01
-9.8360470550386908e-02
6.8308153666946314e-02
1.2436206576886262e-01
-3.7027198557367902e-01
-2.6001101037589368e-02
-9.5977489832816648e-02
1.9664160520774943e-01
-6.4869387646057305e-02
-2.4615888019438531e-01
1.8703569472565026e-01
1.1228264339489519e-01
-1.0623106729307746e-01
3.6370524535957954e-01
-4.9180835929843771e-02
-2.0374551450703299e-02
-3.3457412711519763e-01
3.3364073075665343e-02
1.9995633687386535e-01
-1.4964297747019381e-01
-7.6185922855887683e-02
2.7237410133486767e-02
-1.0254918273159261e-01
2.0376535889649324e-02
2.7952339581909791e-01
3.4605637513393256e-01
2.3874566770075795e-02
1.6379970543986555e-01
-2.1817248543691795e-01
2.1467320088225386e-01
9.0147050767859005e-02
3.1645513534676972e-01
-4.6144439468730029e-02
-3.9187866042659489e-02
2.8879845074088489e-01
-1.9323864365879478e-01
-6.0832309974140047e-02
3.7775861328480953e-01
-1.2328031443254402e-01
2.1612009997837794e-01
-4.7571515046766363e-02
1.2441535019337795e-01
9.5808023594722742e-03
-2.0753382926918409e-01
1.1978843200000244e-01
4.4012133199293237e-03
-1.4275930188245964e-01
4.3835610291656675e-02
1.3062925821773705e-01
1.5196360255919486e-01
1.9732064112840039e-01
-1.3817562764063357e-01
6.0663821320046843e-02
-1.3881013317962235e-01
3.5664139480991691e-01
4.9402508581117756e-02
1.9843141151059385e-01
3.6969389034563239e-02
5.2080473898543034e-02
1.0348195242894614e-01
1.6031690408982641e-01
-1.1849208892949757e-01
2.2043515733652014e-02
5.5392875480527329e-03
1.9742939284906144e-01
-4.3142683323320052e-03
-2.5863244047901704e-02
2.0065807999188716e-03
-1.4419161010387249e-01
-9.7883572851210299e-02
-6.3648970614462530e-03
4.8413340877472219e-03
6.3668889096561598e-02
2.8650086423665933e-01
-2.2783259809673798e-01
-2.4719890791388775e-02
2.9292772597142965e-02
1.0849919821062846e-01
1.2967559959914415e-02
1.6765345877645083e-01
-4.0999319662568495e-01
5.7283004263704251e-02
6.6048278469602997e-02
-4.6866339657567188e-02
-1.4406537778838624e-01
8.6285291574841702e-02
-1.4499562814165609e-01
8.7386633829422661e-02
1.1913446485295738e-01
-8.0788539938308784e-02
-4.4704845737436674e-02
-5.9570387065207203e-02
3.0794609265638061e-02
3.4821337585907719e-02
-4.5109127328930139e-02
1.0610422949181177e-01
-9.6156699586018024e-03
1.9135372543200210e-01
-1.5565439266881770e-01
2.4097114301366579e-01
-1.1285869072849328e-02
1.1721598814072520e-01
6.7014880263128573e-02
5.4999073986957879e-02
9.3107739740984907e-03
-3.0265104554078914e-01
6.3510904046497368e-02
-2.5044690707486472e-01
-2.5514848508994925e-01
8.2292970578287758e-02
-1.2124019577417688e-01
2.1252671941060375e-01
-3.5099296629541726e-03
1.8381376150655146e-02
2.0138812874412387e-01
-1.0021553824667113e-01
1.5916250252218705e-01
5.4095218906165532e-02
2.5874525843310146e-03
3.8616297892952560e-02
-8.9446309217453931e-02
5.2241226694754297e-02
1.7666994920397172e-01
2.4036771250363931e-01
1.5316776669450433e-01
1.7020775170058650e-01
-1.4212706360572805e-01
-1.1720511744161940e-02
-1.0402269633033159e-01
-1.7860743532014048e-01
-1.3431386582613922e-01
-3.2831506953485121e-02
-1.8598384891202080e-01
-4.5856146440687459e-02
-2.3058008456617665e-02
1.6646099663825073e-01
7.8076738977349847e-02
8.8056189901772330e-02
1.8171335913760964e-01
7.2635967084575245e-02
-1.9190594115034400e-02
3.1781442890388999e-02
2.3433831179372231e-02
4.3838382459345182e-02
-4.7798223597879594e-02
-2.8609784734889693e-01
-4.3136910951186913e-01
-2.6578258228359747e-01
9.2339001866263620e-02
-7.4589600511007256e-02
2.1376623652382201e-01
-2.6581640832483527e-01
-1.0017258831557656e-01
1.7316517380183211e-01
-1.6532215833883476e-01
-1.5560730564841607e-01
2.4339551240116200e-01
-1.9898110487138296e-01
1.3693518503340626e-01
-1.3748464089594928e-01
-7.0816869384280015e-02
-2.9345159150959821e-01
-6.7212998286071801e-02
9.8848190110131462e-02
1.2341407098064534e-01
-1.2324512525606576e-01
1.0560411511870255e-01
-1.7838504410614981e-02
-8.2560632538415002e-02
2.6023848089187412e-01
1.5201771985714155e-01
-1.2540393602895572e-01
-1.1903784292877202e-01
1.4506442755023183e-01
2.8793648215242305e-02
2.1597775264024197e-01
-1.2570261608112826e-01
5.9026201244631565e-02
1.1470582895053752e-01
5.7305174069504507e-02
2.8590174156348436e-01
-3.8342308450787316e-02
4.0531759340580578e-02
-2.1385696872402293e-01
6.1597725356050695e-02
1.0692713851317560e-01
-3.9184433357433254e-02
-1.5459900861732873e-01
-8.6117945262659933e-03
-7.2249310426957702e-02
1.6875527749194000e-02
-1.2642141085489361e-02
-2.8739049734826233e-01
8.3830703478661492e-02
1.0265692620866610e-02
-2.8381279510279361e-01
3.4102975468085037e-02
1.6792860988651265e-01
1.1699701255093246e-01
5.6161685456819340e-03
-2.3321977557734902e-01
4.1546595190506512e-02
-1.5485418653052686e-02
-1.3228545307797605e-02
2.6874350336677266e-01
1.8280341429388258e-01
-1.9541635240252481e-01
-3.2306390976596255e-01
-7.8233212410650038e-02
1.3789229173778489e-01
-1.3475174473575767e-02
-2.9250224285029231e-02
3.4969808387744931e-02
-8.5790482212555516e-02
-2.2102278064322245e-02
6.7569513487757818e-02
-3.5887547589562252e-01
1.3114773302526393e-02
-3.8183787811203068e-01
-1.0610237076297778e-01
-1.1769458946647501e-01
-6.6337210975963040e-02
-6.7315367154262298e-02
-1.5266732335235519e-03
-1.4017513782439670e-01
-8.4058762189244435e-02
7.9469607461206543e-02
-7.6620790098721067e-02
5.8104366613927802e-02
1.2498117029104240e-01
1.0830826074314567e-01
-2.1953610913082036e-01
-1.5512704933677135e-01
-2.2960414442469773e-01
8.1098510677508548e-02
-1.1123831600002707e-01
1.0097800196252282e-01
-9.7334187108176311e-03
5.6297173569599245e-03
-2.5437664796270083e-02
1.5711292202150334e-01
1.1641985395981602e-01
-6.6610109334694426e-03
2.5745768662501145e-01
5.5165981554321446e-02
3.9731514187458628e-01
-1.7210012007560319e-01
-9.7475642964702292e-02
-3.2435070449810316e-01
-5.0195066609209735e-02
8.4271400493364984e-02
-1.9927996716441052e-01
-2.1596537607256167e-01
-7.1396859039965191e-02
-4.3000246190149427e-01
2.4439789922500466e-01
9.2579903596787055e-02
3.2300403189295157e-01
4.5832103209171998e-02
-5.2750076865704494e-02
1.7832548646181351e-01
6.8283271014030700e-02
2.6991205380281578e-02
1.2853604301527383e-01
-5.1513892249960350e-02
-1.9643914485009561e-01
-4.3420165411605510e-02
9.4209415663311508e-02
-9.1395744778608332e-02
-1.0091717931284858e-01
-1.8734566762951613e-01
-1.8236390792365739e-01
2.1407761387392621e-01
-4.1570042728871076e-02
6.0167983969038635e-02
-6.2417213893331935e-02
9.0870610848022060e-02
2.1323196608194878e-01
1.0343063242761324e-01
-8.6799981901096224e-02
-2.6252754394744821e-01
-8.0392404140942342e-02
1.4839486986228939e-02
-4.0568366363595731e-02
2.4795944579327614e-02
1.7375331935320391e-02
-1.8141313782440036e-02
-4.6730007455473982e-02
-2.9683017475787169e-02
-3.5752745052918589e-02
-3.7763454528313500e-01
8.4924559864281379e-02
2.1065659675553969e-01
-1.3654075007344635e-01
-2.1405328487109623e-01
-1.1472033634021728e-01
-6.0278660193863881e-02
-2.6242385737707392e-02
-2.0601285672073560e-01
-7.9341203811336442e-02
-6.8496312056658321e-02
-2.7661839279933081e-01
1.7744054399614137e-01
-3.3605460843371467e-02
1.4334530587997607e-01
-3.0688675318633030e-01
-2.0394669961251079e-02
1.1609316842201414e-01
6.6719507742517586e-02
7.5157238172138000e-02
1.0095464215935677e-01
-3.2214078463930658e-02
-3.5923784822418744e-02
-1.7617279141375747e-01
7.8680734707391939e-02
-9.1022849319169721e-02
7.1840023118278626e-02
2.4862638176392282e-02
-3.2819642830762122e-02
-1.0172221873260472e-01
-4.0941414059312245e-02
1.4349136271607238e-01
-1.6394980725701680e-01
2.2035015605680962e-02
1.3107476039975618e-01
-5.8831069561279953e-03
1.6570467313969617e-01
-5.9720731913408390e-02
-9.6015241995560371e-02
-7.9084734186305614e-02
-4.0592909956435497e-02
9.0063239880692703e-02
-4.9098618635143143e-02
-6.1409566943277441e-02
3.5253203341929204e-02
-1.4041751788778273e-02
1.7372556961931418e-01
-9.1173966203118448e-02
-3.0233052559207451e-02
2.1190239105766381e-01
-9.6008742014382184e-02
-1.8966979718974941e-01
-1.2695059260346878e-01
2.2193690885748116e-01
8.1762591735757006e-02
6.1961016117871165e-03
-4.2843199434010951e-02
1.2408901773762021e-01
-1.9230948734091385e-01
2.1842745933918042e-01
1.7384189879416501e-01
2.5783832535872037e-01
-8.7642910322871651e-02
-1.5631477443531044e-01
3.0736334004283248e-02
7.6627492669228608e-02
-9.2439495958527157e-02
4.0413229559333859e-02
-1.1551122559340446e-01
-4.9171893201509081e-02
1.7294644842268611e-01
-1.6192175415745380e-01
-6.1043586354492606e-02
1.9200566357639876e-01
-2.1244851885405577e-01
1.3606251631285660e-01
6.4307950489438988e-03
1.2225415199746230e-01
-2.3301112402809179e-01
-7.4620717933158054e-02
6.4007966687787674e-02
-6.5491273892088767e-02
-7.0331842465246167e-02
3.5580357907502386e-02
-1.7048602955182007e-01
1.8932333289984701e-01
-1.1274180663368857e-01
4.4317528510648206e-02
5.7686159736491251e-02
-1.5903094760689386e-02
3.4201107183942189e-02
7.4490488242133735e-03
-4.1386637958615066e-02
8.6041382960192453e-02
1.3254697643208130e-01
-1.6753103984161011e-01
1.4350201908562835e-01
-4.9448421799905079e-02
1.5129089023164782e-01
-6.7864512185680181e-02
6.3176391682341085e-02
-2.7354142493097350e-01
7.0397478732202617e-02
9.7947296064679612e-02
-8.1204207417933091e-02
9.2113420859026768e-02
-1.5377490138475713e-01
-1.5334773101251306e-01
3.7851785554506898e-02
1.1897627232433765e-01
4.1524690437267156e-02
-6.8462193496953982e-03
-7.8558564240022000e-02
1.0053208690215257e-01
-1.0635845162366279e-01
3.1445197309389168e-02
5.5949513694874130e-02
3.6845749806284703e-03
-1.7543639840792678e-02
3.8627317956201090e-01
-5.7727375537478844e-03
1.4673537713072796e-01
6.0207445210491914e-02
-2.3180609017991547e-02
-4.5330036238337958e-02
1.3362012352066063e-01
-1.6500789888445860e-01
-1.3222159855861559e-01
1.2021755698540985e-01
7.5204623513819957e-02
-1.4300419580402801e-01
7.7352417570163784e-02
-5.7269176741898617e-02
1.1326350022530271e-01
1.6914573146841155e-01
-5.6843570516446881e-02
9.9475850795651632e-02
-1.0048844922211149e-01
-9.0372473826345487e-02
3.6165051348977198e-02
-3.7420131335646284e-02
6.4713112107905077e-02
3.8917603287179539e-02
-1.9830739389316253e-02
3.1150746971155170e-02
1.9037120109450242e-02
1.3078626375058947e-01
-1.0352199442126570e-01
3.4292706580797673e-02
-1.4179422989173993e-01
6.4043664154259550e-02
4.2507059425912687e-02
-5.9967554222051911e-02
1.0473294547019815e-01
-9.4620795260713403e-02
-3.0106470908254013e-01
-1.1936456129639671e-01
1.3661878820524193e-01
1.6833714388076432e-01
6.1598615025891292e-02
2.8323501818533093e-02
5.4621836101248739e-02
-5.9213593131151293e-02
-1.9445589286709239e-02
8.6978710750724553e-02
1.0398373585335394e-02
-1.7549665901423389e-01
1.3293021506106184e-01
2.7846009532019417e-01
1.5447971363471202e-01
2.6064280858062244e-01
2.9107261546283961e-02
-3.5365832633444777e-01
-2.2738412967500032e-01
-3.0578484711287026e-03
-9.7353590893237835e-02
-7.6742798940476448e-02
1.4959332670910841e-01
-2.3659724886139039e-01
-2.0578700566218946e-01
-1.5829320803126268e-04
7.3724976666571518e-03
1.7799909919612011e-01
1.1578096552468653e-01
5.7493653524508685e-02
2.4950171061857547e-02
-1.2319988220753625e-01
1.2285741927154741e-01
9.9608448778358061e-02
7.2560547808337792e-03
-1.5965472335129977e-01
-2.9700760273790555e-01
1.8582693337122544e-01
1.5991045696168507e-01
1.1076711794186161e-01
-8.8259113577288009e-02
-1.3015428119568875e-01
-1.4989993664077986e-01
1.5538599508606696e-01
-1.7982346625310397e-01
-2.4464946093481521e-01
1.2476815087013325e-01
-2.6247520885396070e-01
-1.5031181580396114e-01
1.2746085874872887e-01
1.1563131030813706e-01
-5.5878332535609379e-02
9.8613242460960822e-03
1.5352733542875702e-01
1.6608542915421809e-01
-9.8908508062700559e-02
6.8282075196552175e-02
6.7428551149273805e-02
-5.1064880378789222e-02
-2.9281605297288299e-01
2.1266569480050471e-03
-1.0293026040354114e-01
9.0157783946122130e-03
4.7168507568910154e-02
-2.5455475503299230e-01
-3.9968152824112126e-02
5.4857000017472297e-02
7.4991127606623020e-02
-2.0234572992180205e-01
-7.8119876910407476e-02
1.5335731424541738e-01
-1.1847455416246286e-01
1.2788902641969543e-01
2.3509296038715294e-01
-8.8275518943047623e-02
-3.4101400646098866e-02
-2.3375889752901285e-01
1.3188648294139849e-01
5.2634230200946278e-02
-1.0284265935281420e-01
4.5641705500226101e-02
-3.9314905710215189e-02
-6.7112561514095559e-02
1.7376765007276998e-01
-2.6724775765809075e-02
2.2480256531759397e-02
-1.3281620122168020e-01
4.9747404479448448e-02
-3.3905148436501448e-01
3.8692587976165392e-02
-2.3116519478936801e-01
2.4606843923733812e-01
1.6461157124468132e-01
9.1669128794193838e-02
1.9853620412430728e-01
1.9312631119527468e-01
8.7778661354092624e-03
4.4731482773519449e-01
-1.3639501935131926e-01
-1.1176109540443999e-02
-3.1476588610560075e-01
-1.9340955873735255e-01
-2.8651876815602925e-02
-1.7310851780498529e-01
-5.8530619407637999e-03
1.3943983914750276e-02
-1.2367059821324673e-01
-1.5716800370150177e-01
-1.5678089073569812e-01
-1.0410811062828013e-02
-1.2787873063410035e-01
7.0026160765552695e-02
4.7649864628921956e-02
-1.8511940521650654e-02
-2.5131335172882402e-01
-1.4075267447406523e-01
4.8096129845891913e-02
6.1415725884831976e-03
8.9167839204811319e-02
-4.9717226008936723e-02
-3.0326719175530897e-02
-1.0151197737784667e-03
-7.8584309439185943e-02
-3.0273084407789072e-02
5.6213012431573450e-02
-1.5233157239732268e-02
4.7761903808507734e-02
9.3914149100172359e-03
7.7609446572032906e-03
1.8274246806873118e-02
-2.1211418720172168e-02
2.6297967741480199e-01
2.0518990750105140e-01
1.0306555059788239e-02
-1.2781386744125237e-01
-9.6323714256597193e-02
-4.6899918565164664e-02
8.5480815472672916e-02
1.6701537375214381e-01
-1.8573230086633549e-01
1.9812792021896194e-01
1.0505423726267921e-01
1.1858722370564179e-01
2.3984334462030948e-01
2.3771965293055014e-01
-1.8014817230023356e-01
-1.0560310599256000e-01
-7.4459399148850025e-02
-6.0555116008774723e-03
-2.1508617704797875e-01
-1.2346218547708725e-01
-1.2359716244921150e-01
-2.7405749603697821e-02
-5.6175977898628805e-02
9.9626038900907682e-02
7.3096901894237815e-02
3.3607402013662413e-02
3.3545286779013983e-01
6.2536678708644072e-02
-5.0676709617703403e-02
2.8750922985699798e-02
1.6193975607633354e-01
3.9789184358635335e-02
4.3355073475050201e-02
-8.9722925968391778e-02
2.8719714508137123e-02
1.0425433828666902e-01
-1.4171434874470915e-01
-1.8376005678806007e-01
-9.9104925118586124e-02
1.7430513360327826e-01
6.8914092503132601e-02
1.3517373231161517e-01
7.7667467810010951e-02
-4.4894231974762874e-02
-1.5449603010627255e-01
-3.5972471272985931e-03
5.3213079593667528e-02
6.1457918915493431e-02
2.4870125113281211e-01
-9.1663391961303020e-02
1.5175621532269884e-01
-5.5732329785508621e-02
2.1012661868859081e-01
1.2240978197308880e-01
1.2484865222346932e-01
-2.2013303873998508e-01
-1.4436691692657794e-01
1.7864744983984115e-01
-1.6340849321363665e-01
2.8112941497617085e-02
3.0594175814714930e-01
-1.5652521316362272e-01
1.2776064596638209e-01
-1.6444889782153110e-02
6.0985210635861140e-02
-1.6307377197802633e-02
-1.1015762618898339e-01
1.0962131238425393e-01
-5.5593554008691121e-02
-1.0682568001416040e-01
7.5836960312879051e-02
1.1210621072324574e-02
-3.5117178863308385e-01
-2.5852906068619336e-01
-2.1546271500157071e-01
1.4580752601297553e-01
1.5084126580124910e-01
1.4551725775677704e-02
-1.2930725795384601e-01
-2.6810332675912874e-01
-5.0638357685449692e-02
-2.6401830009258065e-01
-1.5398758222688999e-01
-1.3915157307702228e-01
-2.2822635925649579e-01
-2.4702614997108630e-01
5.9287180679539919e-02
4.7038143892313339e-02
4.1209210534222912e-02
-1.3240242760048199e-01
2.5052701456921117e-01
1.4536759289411938e-01
9.5482633314028620e-02
3.9555872375965591e-02
8.2857613034328592e-02
-1.6232202417042034e-03
-3.2325584382731753e-02
-1.6883945181868520e-01
6.4884717806918069e-02
-2.2820228742351803e-01
-1.0616216502077971e-01
1.9729051841723799e-01
2.8399445691542746e-01
-9.1607588870017048e-02
-1.7240824492965959e-01
1.0550885522281851e-01
3.2444436959790962e-02
-1.1024694680768832e-02
2.4617927410077214e-01
2.7649210216402353e-01
-4.1346459983302580e-02
-1.0423691391490596e-01
-2.8047000806044553e-01
1.3987449700909818e-01
-2.1052641334279705e-02
-3.4433438217000858e-02
6.1633154871495045e-02
-1.3549165338447255e-01
-4.0466265209973776e-02
1.7166629355601440e-03
-1.0727574524792070e-01
9.4327665461285556e-02
-2.9381058850097907e-02
-2.0825940276309021e-01
-2.5805695150570984e-01
-2.8969767696396276e-01
-5.1241935146412933e-02
1.5354342308843727e-01
3.0193580445187973e-01
1.5375536696309844e-01
2.1324105425710113e-01
7.8876040808547571e-02
1.9631013422243444e-02
4.1870182624048574e-01
3.4924044214318556e-01
-1.5952401535038860e-01
-2.6250302626235505e-01
-2.6119324653807396e-01
-1.2153308539519946e-01
-1.8725805024385511e-01
-9.0450855895114646e-02
1.6594985196412330e-02
-1.0124667521176492e-01
-1.0835269092887083e-01
-3.1101259389099500e-01
-2.0653097667030562e-01
-2.0332524037548333e-01
-9.1999460166866887e-02
-3.8638885538014964e-02
3.0049934477797552e-03
-4.7495585142264568e-02
6.2627031231601016e-02
-3.5437268196855798e-01
-8.9321334577200956e-02
-1.2970434211236931e-01
8.1645025412278444e-02
1.0961983448411539e-01
7.2715681650704661e-02
5.5430456978955794e-02
-2.2863674956078897e-01
-1.1822326956380838e-01
-1.5933410791887834e-01
7.0096851766326670e-02
1.0088938503581654e-01
-2.4611126375567265e-02
-1.7317716163648043e-02
-3.0438688716060845e-02
2.8181271477508554e-02
8.2232186356222953e-02
1.1744567761409926e-01
1.8999997581145475e-01
-1.0218881156107032e-01
2.3974788140047693e-01
-3.3702795825683785e-01
2.6365802744299799e-01
-1.1024541882888310e-01
3.9798415933635867e-01
1.2950569890863503e-02
-1.3501934309509767e-01
2.5203236613099467e-01
-5.9286175935065744e-02
-1.8124859976708177e-01
4.8848333405417832e-01
8.0884883671495614e-02
1.7193672057654136e-01
-2.0299675609230428e-01
-1.2200177699460107e-02
6.1280279634625429e-02
-1.8712131748195038e-01
-2.7258754305605037e-02
7.7595649097400410e-02
-1.7575778787187443e-01
-1.8490206113289220e-01
8.0636216629696236e-03
-9.9370078183871849e-02
2.6129428260147750e-02
-4.0113664684190205e-02
1.3564000206044663e-01
-1.3703160956202918e-02
5.1864310241867197e-02
6.8222685700789890e-02
-1.3236594292024895e-01
-4.8112965781534928e-02
-2.1593070056535826e-01
-2.1834384434146281e-01
1.0405043185858602e-01
-9.9838094537351457e-02
4.9838658008785633e-02
-1.2311357110330763e-01
1.0267575696508090e-01
1.1195168807550789e-01
-3.7716361155123682e-02
1.8446448912751534e-01
4.5634747767313563e-02
1.0689493901570684e-02
-7.8679584110461550e-03
-4.2621362505817273e-01
-1.0088188583749276e-01
-2.6571721419747518e-01
7.3212032670415636e-02
1.6950632673494714e-01
-2.7146550706515488e-01
-2.0946089692821393e-01
-1.6464422611250970e-01
1.0801261296348690e-02
-1.8242691979912712e-01
-7.1030430601159614e-02
1.0735616266094916e-01
-9.6043376230734112e-02
-7.6417938764640730e-02
1.0206862425353148e-01
-7.9188048032315023e-02
1.0911062638431332e-01
-2.4423203464427373e-01
2.0868850081479107e-01
1.3798365013972719e-01
-5.3338419733323955e-02
1.3536062817752152e-02
-9.3435053692704009e-03
-3.2315298602959841e-02
-2.6764560919992153e-01
-3.6608275591575834e-01
2.4343217053021743e-01
-7.4747947884655386e-02
8.3661404725383443e-02
4.2600660157411685e-01
-1.5076625294758117e-01
-1.5715404477178926e-01
-2.3480216348203747e-01
5.6288945173750132e-03
-2.3352354557013832e-01
-1.5046561921070650e-01
1.4796582369561490e-01
-3.0486630310411011e-01
-3.9873444206619535e-01
-2.1682153283663652e-01
8.0979001800433464e-03
3.9772018335903847e-01
3.0030198187789053e-02
1.8915963576929720e-01
9.3362268775634458e-02
-2.6685593294522164e-02
8.8348095557467615e-02
1.3326567204303574e-01
-2.0265482050274403e-01
-3.3988582531120032e-01
1.7298693001286597e-01
1.3365289313486445e-01
1.1045310740216566e-01
-1.5250229877063248e-01
-2.4318811310898941e-01
-1.4789254950675704e-01
5.7034347567183265e-02
-1.2955826006871296e-01
-2.4152830845566228e-01
2.1828832142605384e-01
-3.0123238255668711e-01
-3.3028195170121205e-01
2.5580908590658680e-01
7.1899734138257149e-02
5.0983579471542917e-02
-1.2333339990701322e-01
1.0897540178868347e-01
2.0161605183319603e-01
-1.8440722435518142e-01
1.0307813039613799e-01
8.7988070907255495e-02
-5.2461823358225051e-02
1.5074593797998592e-01
2.2962866926537387e-01
-1.9138684236074707e-01
3.5521598162381868e-01
-6.5084762642962521e-02
1.3498167529860020e-01
-1.4007242059301439e-01
1.7144309912273989e-01
-1.6986058175892066e-01
-1.9299582156165440e-01
8.2866203160405688e-02
-1.5965878797445471e-01
-3.3080840346372514e-01
1.7195708788929842e-02
-2.9819746127965985e-01
3.1928187896956894e-01
5.2780385813954188e-02
9.5873511485677798e-02
1.2500367490900177e-01
-1.1121264842352563e-01
1.3424368864793210e-01
1.0239943703165924e-01
-2.3987269031270214e-03
8.7458925086722678e-02
-1.3278894715688713e-01
4.3714489539145446e-02
-2.1401541783283975e-01
-3.2860737137536421e-02
-2.3554675560394184e-01
-4.4286864477775148e-02
1.3698394378706846e-01
3.2477848339045773e-01
5.3320402389700844e-02
-8.3322533126522907e-02
5.6519739238627818e-02
-8.8709770887370462e-02
-2.1661419441901875e-01
1.1009096142207328e-01
-1.7042632966166638e-01
1.2100242365305772e-01
-9.1232335438102594e-02
3.2750426580555547e-02
1.1544638344469779e-01
-7.8542148746316112e-02
1.1188392622058561e-01
-3.0317211213473534e-03
-5.3879104207524758e-02
5.5490700299110404e-03
9.6429418382378604e-02
-1.9348351199344793e-01
1.3159027446315630e-01
-2.1139498555157349e-01
-3.2442105827997919e-01
2.6617617071520805e-01
8.0682357783821282e-02
1.2914550625434160e-01
-1.4041807666486594e-01
2.4792922547651644e-01
1.5022215637385808e-01
-1.2949106271477384e-01
2.0195534169211588e-01
3.0260357096585855e-01
-1.8770883755021964e-01
-1.0869639710236892e-01
-3.0166000054694903e-01
1.9125962078689890e-01
-1.6631771085379707e-01
-8.1312122258013667e-02
6.3859313368732212e-02
-6.5361582428506898e-02
-1.0198685933318991e-01
7.9609174767749147e-02
-3.4844179024888322e-01
1.4053036294524235e-01
-2.1123447194612816e-01
4.3916631596051900e-02
-5.9522072805779182e-02
-4.1178881169424503e-02
-1.3382892506234431e-01
2.0159241444595968e-01
-1.5036491207770089e-01
-1.3046273263577507e-01
5.3446520157539389e-02
3.2159433420657357e-02
-2.7789909801470614e-02
1.3116824576933372e-01
3.7937038925678790e-02
-6.2808858831472358e-02
2.4994895603684408e-02
-1.0133237196282657e-01
1.8167553692365784e-01
-3.2557422074633594e-02
3.5455491702283591e-02
-2.2037496839872141e-02
-6.9377016422032478e-02
-1.6265546597498716e-02
-1.4085439659542842e-01
3.7776019355569568e-01
-1.6847900132550225e-01
-2.2345537947641350e-01
-1.1533736574765868e-01
-3.5473037552036846e-02
1.7216188618978948e-01
2.5008891608112771e-01
-5.1924488422214879e-02
4.6430019330875087e-02
2.5050113886689029e-01
-8.9954436324050063e-02
2.9868859829426220e-01
2.1248282963242054e-01
-7.8817993443841855e-02
-2.4414007415109207e-01
8.0975048273049438e-02
-1.0048105992175303e-01
-2.2878979486954359e-02
-1.7064376529306988e-01
2.4178577002313722e-02
-1.0147745068770449e-01
-9.9893999684099496e-02
5.4572276805018520e-02
3.7259740709282931e-02
-5.7777630904492089e-02
-7.6753620390926702e-02
2.3170462191031579e-01
1.8341587317556571e-01
-2.3404919166909260e-01
-6.2236910524760949e-02
-2.3632705865166384e-01
9.7846232457583504e-02
-1.5315890698893009e-01
-5.6220069161050087e-02
1.3445015721069478e-01
-2.6694890169881680e-01
1.0472376781578335e-02
3.2208348118081298e-01
2.4672154109636718e-01
3.1100742505344642e-02
-2.5648968188604854e-01
1.3478579504760169e-01
8.3374920500859706e-02
-9.4161961757070131e-02
5.4235809965017479e-02
7.9279927685114576e-03
-8.9755271278859003e-02
-2.5051180926433370e-01
-5.4060369380273747e-02
-1.2002827233435825e-01
-7.9095903148475241e-02
-1.5276310629817566e-01
5.1107859594616237e-02
6.3101596706637550e-02
2.8274856795460895e-01
-5.3206198610473515e-02
-3.9899050986776916e-02
1.5944666205127994e-02
-4.0493019613864832e-02
-2.0414693059935429e-02
1.7732755468919528e-01
-1.2474979540732169e-01
-2.0836837214342763e-02
-4.9783627340235975e-02
8.7521016025269738e-02
1.2345975253399151e-01
4.4663165371161176e-02
1.0029538271656556e-01
-5.9479794228153637e-02
-1.2114090424859800e-01
-4.2178188793401267e-03
-2.1219502713632854e-01
-2.7193316238418447e-01
-2.3772724988328015e-01
-2.8252492522089695e-01
-2.1513718433146545e-01
-9.1946591837042471e-03
4.7266626311523945e-02
2.5619155990659837e-02
-6.8630215511319648e-02
1.2440680464128306e-01
5.4877255327894441e-02
-9.3187013179064845e-02
1.5190203236249028e-01
1.5139829106536506e-01
-1.8591063719041309e-01
-2.5380409574523100e-01
-2.2815779537694850e-01
-4.2423204965804998e-03
-7.8051017128793809e-02
1.9528339489184691e-03
9.4455792253663448e-02
-4.3185731215343574e-02
-5.8731196904685992e-02
4.2018242346525653e-02
4.5918589423576031e-02
6.0142350140209258e-02
3.9318898666968610e-03
2.7591848928242693e-02
1.9538423009517211e-01
6.9094318184031722e-03
-1.9102027995559190e-01
9.7759452334616526e-02
1.0573062739017766e-01
1.1781105185111612e-01
-2.2444352096994241e-01
-6.9776456279577917e-02
1.0892864279234153e-01
-9.1699108694994036e-02
-1.9254148193916373e-01
-5.5152930569641510e-02
1.5215912404087842e-01
1.1465197663681334e-01
-7.4692629351074347e-02
1.4486725842704953e-01
4.3114483939375975e-02
-6.1953110216269452e-04
1.0136594492601216e-02
3.2426114168297444e-02
-5.5935374785760862e-02
1.0172987348422614e-01
-9.9580835942136139e-02
4.9131081899382346e-02
-6.1143257539268928e-02
-9.4606831545224132e-02
-1.3261645401038366e-03
4.1545220937651929e-02
6.1468427462249869e-02
-8.4856652465051946e-02
1.2795442829818313e-01
3.9472431344586747e-03
-1.8409866933761737e-01
-8.7755270722219558e-03
5.8476708602807133e-02
8.8224618832632162e-02
5.4425475768332301e-02
-8.3589519867216050e-02
6.5173295751750460e-02
-7.1346495235699220e-02
8.2317529089648012e-03
4.1365452038814213e-02
-1.6767000584675264e-02
-2.8305720172166537e-02
-4.5713379198134840e-02
-2.8984463222379275e-01
-8.3431689456584718e-02
-3.9683013557579104e-02
-2.7585175548461771e-01
-1.9750296142651325e-01
1.2172798311929414e-01
1.2246071135196474e-01
1.1488671214491906e-01
-1.0899166631077684e-01
4.2064206427201059e-02
6.9862430638158002e-02
8.5805074716572227e-02
2.8437134394764135e-01
-2.7180152431824492e-02
-1.0581514470051291e-01
-3.1327217788683376e-01
-8.3656803878027208e-02
2.2014964401525814e-02
3.3215202405918742e-04
-5.9852383662772485e-02
-6.1614243292430898e-03
-9.9262562235830576e-02
-1.8576849218408797e-03
9.7261967476422323e-02
5.6106428130276220e-02
-4.2025594525598720e-01
-1.8015845562014338e-01
1.5552868349470972e-01
-1.4290404993307634e-01
1.6798847462994340e-01
1.0010738213277331e-01
-8.9814945391697432e-02
1.2727065949219063e-01
-1.7865777739489491e-01
-7.4378571353133319e-02
1.5967293131575222e-01
-6.8361746127808543e-02
2.7517370591929174e-01
-1.0140126490754577e-01
1.3437497244304714e-01
-3.7000407543133784e-01
-1.2508117012467676e-01
1.2228294015869334e-01
7.5146343432371546e-02
-4.3337687687262372e-02
-1.1520104465074579e-03
-5.7535119594247397e-02
1.7070223892596104e-01
1.9920018069988971e-01
-4.1110886842465372e-01
1.3899111622211874e-01
3.1588144537531226e-01
-2.1843807122156469e-01
-6.3500273953626979e-02
-9.8766818077427751e-02
-4.9475120459042739e-02
1.2504171268909531e-02
-1.3020218679145140e-01
-3.2599382933146820e-03
-1.7500327320389616e-01
-3.9485523823959107e-01
1.5930718055113807e-01
2.0083348942851981e-01
3.7919461545534006e-01
-3.1752558945340442e-01
-7.0437472146623629e-03
9.3749947457435145e-02
3.6619361181121406e-02
4.7291130794783191e-02
1.0296996399353101e-01
-4.2330476988218818e-02
-2.0739897134129121e-03
-1.7778353403713798e-01
2.2355155553213354e-01
6.0931681161451492e-02
1.0819304980787720e-01
-7.0517539252992062e-02
-2.2224283186785240e-01
-3.2562655133042451e-01
1.5407436844939296e-01
5.9113162011482444e-02
-3.6336437597548468e-02
8.4249283762582367e-02
-5.8690334994070302e-02
-1.3207298743461499e-01
3.2444488540505578e-02
3.1183022690613980e-03
-2.3290992314847610e-02
2.6491138221379246e-02
-4.0909297339492855e-02
4.6612655666575672e-02
-1.2248123840358568e-01
4.9840101578643277e-02
7.3991310020669360e-02
3.2972263180357508e-03
1.9921960508868858e-01
2.9760509748210158e-02
4.0439325660014548e-02
-1.7937911369201487e-01
-3.4503503534028257e-02
1.0269605318810368e-01
2.8499211629399640e-01
-9.8049984642897894e-02
-1.3693916019010918e-01
7.2603775648270780e-02
1.1480269972424653e-01
1.6087543118895445e-02
9.8341974413898997e-02
1.2771251892849542e-01
-2.5811947838576643e-01
-6.5660845541088114e-02
-7.8926786799765392e-02
1.7301423675550903e-01
-1.5079039258940069e-01
-7.6855301844293830e-02
9.2591820462656783e-03
-1.0006058535516407e-02
-1.6837944006068441e-02
7.0375656544445803e-02
3.2482630961174846e-02
-1.7128817396784635e-01
4.7731798326818606e-02
2.2190141765330745e-01
-4.3561098019021444e-02
1.9332356508054152e-01
-1.6386836820327969e-01
-5.6486474374348103e-02
9.8542066393208408e-02
-1.7563561526779972e-01
-1.6422549601526150e-02
-2.3589584999396396e-01
-1.8775776984938386e-01
6.6871676871058133e-02
-1.9640491670588939e-01
8.7740265335571971e-02
-1.0784427224059734e-01
1.9301008373516448e-01
5.8783755154009007e-02
4.0403853408367857e-02
1.4904785974970799e-01
1.0862329975183496e-01
-2.1434868279636539e-02
3.7878095257178154e-02
1.0785337127768653e-01
-1.6807001576268718e-01
-7.7428882033580643e-02
-3.8585689730172568e-03
1.5034086043485231e-01
2.4970751624286119e-01
2.0014379469414145e-01
-1.6360984229140202e-01
1.3647982127879371e-02
-6.2595084923200622e-02
-1.9091461791320752e-01
-2.9338713740671879e-01
-9.5509300174192652e-02
-2.3797883032110598e-01
-2.4154349861158342e-01
1.0290165651340241e-01
5.2838756094059039e-02
2.0644719546671253e-01
1.1269868929897061e-02
1.2535308173013410e-01
2.3334522654768092e-01
8.4570012761294583e-03
9.0289194848748727e-02
3.6869200402874565e-02
-1.0480128419740100e-02
-2.3330867750202938e-01
3.7066432557205771e-02
-1.4426364771525932e-02
-2.2472512209297368e-01
3.0041395709857960e-01
-1.5356279676545262e-01
-3.1202287747465331e-02
-1.5238994145848758e-01
7.5231045983844669e-02
9.0175198154252845e-02
-1.6989209439890587e-01
-4.4060713180599523e-02
2.9905422465241238e-01
-4.0709504900082732e-01
-3.9657423126892626e-02
-3.3533539604849560e-01
3.2631806525003604e-01
-7.0646310934858167e-02
-5.9231131837955614e-02
1.5185652230869151e-01
4.7426797057253486e-02
-6.3007773410072590e-02
9.8798246300210252e-02
-1.1949697745439886e-04
2.1105206373685667e-02
3.9532378444999522e-01
1.6175872675509073e-01
-1.9409712602886917e-01
-9.3567413005130246e-02
-2.9888855997472136e-01
3.3327875486432723e-01
1.7940070767530358e-01
2.6302315759752642e-03
7.1995031515196456e-02
2.7149741730924559e-01
6.9623717829734144e-02
3.4689186822556428e-01
3.2178228950604670e-01
-3.5257675752545764e-02
-1.1645169404693979e-01
1.8922486694707030e-02
7.7996177367895686e-04
-7.7323034691785739e-03
-1.9493964699389563e-01
2.8868377478486758e-02
-1.6296519167188342e-01
-1.0925299628977683e-01
9.0327745729750913e-02
4.8595443272861649e-01
2.2073608636575437e-01
2.8855399681324480e-02
-1.5316861470866050e-01
-1.5318317759586869e-01
1.5443877848098241e-02
2.3789491191077988e-01
3.2328326520350781e-01
3.5534916305140767e-02
2.8192462493571513e-01
1.2592319687351156e-01
1.0609623205841548e-01
2.2122660386409468e-01
1.3426868806507178e-01
1.3051414101538372e-02
1.1209196336273083e-02
3.7309733863815420e-02
-1.4718839401425123e-02
-2.8851934460612777e-01
-9.6454592006518403e-02
-3.6197309076965015e-02
-4.2098533100868543e-02
-8.2158191033735881e-02
-1.4217350713104376e-01
-6.7913277956295204e-03
9.6855462430149752e-02
-1.9188901828876981e-01
1.5245239896126256e-01
-1.2643053678344218e-01
1.8640982376214581e-03
-1.2284254549298819e-01
-1.1799696034465123e-03
7.5797414775764016e-02
-8.6561984568258740e-02
1.4391916663199253e-01
2.0975150404334461e-01
-3.7205715277648144e-01
2.1724388036677386e-01
-2.5965217262939427e-01
2.1805455266978802e-01
-1.6973814806041029e-01
-7.6398069987351103e-02
7.0610247799228615e-02
-1.6031087877315064e-01
-3.1944998215064843e-02
1.0213771815573473e-01
-1.5456381783739252e-02
-1.2257775555251542e-01
-2.6380254381317841e-01
1.9405352519082802e-01
-8.1405037116021900e-02
-1.0283458553553737e-01
-4.7503256473088902e-02
-3.9857745549654988e-02
-3.9588569919710853e-02
3.5506287527258795e-01
-6.7586044179449752e-03
-4.8421301107375816e-02
-1.4820301069087362e-02
1.8932621559951307e-01
-1.6631912946142885e-01
-2.7688231133717878e-03
-2.1550068274193424e-01
-7.2220362946777472e-02
1.4320614013499025e-01
-2.4995470545615194e-02
4.4991415096414092e-02
7.3323407302693083e-03
-1.7894053205883474e-02
4.5256428478885509e-02
-5.8484080494653534e-02
-4.0248048118697066e-01
1.4882294706616703e-01
1.1723923550932608e-01
-1.9137830986683968e-01
-2.9260906093056285e-02
1.0803901315057279e-01
-1.0157661004670730e-01
2.4984051548214417e-01
-1.9140655181753966e-02
5.5771945887919533e-03
4.9916947483832604e-03
4.4582267940557960e-03
1.7203481027389161e-01
8.1557751537203863e-02
1.1620514621523961e-01
-3.1927601636546143e-01
7.8474535492527045e-02
5.5016032656861794e-02
3.2114683964283353e-02
5.4704712870297214e-03
1.9815174916858642e-02
-3.8314889113376417e-02
-6.8407319542102510e-02
-4.2226888526923856e-02
-2.0729449447291506e-02
-2.5656355461704350e-01
-4.4729886823700049e-01
-1.5438386378453114e-02
-2.6868056428848297e-01
-1.0255888006552014e-01
-1.6817447099119026e-01
9.7751583462413028e-02
-8.3672815232948103e-02
1.3116147731698036e-01
4.4716432428309916e-02
-9.6343636739436064e-02
6.5656300524155303e-02
1.5611081350835337e-01
1.1111075728573713e-01
-4.3647834285714768e-02
-2.6678061415411869e-01
-2.3960912922076244e-01
-5.3198490880263599e-02
-2.9199581641307738e-02
1.3639096147675120e-01
-1.1368008338728301e-02
-4.7755936470541917e-02
-4.7286747020123268e-02
-1.7322698267808578e-01
-4.3524760235142387e-02
3.7543735211838503e-01
-2.1149939545536944e-01
5.0870714125981015e-02
-2.1454072681741992e-01
-4.0775562648463867e-02
-5.1218457611125513e-02
1.7583882513601748e-01
1.2316810967727021e-01
-9.0045886075430778e-02
3.4978706547082705e-01
9.4879522540623248e-02
-2.0510395159578709e-01
4.3369215180519571e-01
-2.0559849560681318e-01
5.1207071130778603e-02
-1.2726174933823897e-01
-8.1484849254942621e-02
2.6650438502265159e-02
-2.8664068258463754e-01
-1.3731039018754439e-02
8.0441703900433453e-02
-1.1110910953638389e-01
