tensor
4 
3 5 1 11 
1.8870079100713691e-01
6.0265783811041473e-01
8.9512346050832303e-02
1.2633336431961445e-01
-2.5010955003692187e-02
-2.0237438494999388e-01
-3.5423021922891740e-01
2.7590673630606249e-01
4.5515145298987708e-01
1.4245751546314345e-01
1.8490756586038437e-02
2.8512000664813086e-01
-4.5277920516270470e-02
1.6124578191949834e-01
-4.5848843450812860e-02
1.6185453262569099e-01
-2.6618873378776992e-01
-1.9380124627980411e-01
2.6623475562606774e-01
1.7119218802419686e-01
1.9692296660910735e-01
-1.8414521766575701e-01
-2.9903467193859490e-01
1.2865227398586945e-01
2.0402091435452219e-01
1.6834998228125939e-02
-2.3401883389053238e-01
5.1075298158951565e-03
-3.1978205663126336e-01
-2.0745575100966088e-01
3.3606707293104704e-01
-2.0362724426695517e-01
-1.2995199561833837e-01
-2.3041294477541890e-01
1.3270063113813127e-01
-1.3355969845794927e-01
-2.0840152943939744e-01
-2.3756969320225160e-01
9.0718562659775293e-02
4.0579810693436164e-02
-4.4279645402683365e-02
-2.2099323971926416e-01
-3.0436532184999043e-01
-3.0759020326955022e-01
-1.3044399367075077e-03
-3.3745356204736415e-01
-2.8735022813744437e-01
2.7581229411921038e-01
3.1080301646984687e-01
-3.8723213300652171e-01
2.9299232341138050e-02
-6.5407513725909472e-02
3.0343066561460325e-01
1.1814313962929734e-01
-2.0388795371706470e-01
-2.5104268784604777e-01
1.7780767417100249e-01
-1.1590269512023513e-01
1.9593853239683065e-01
4.4430692870138150e-02
1.2323227531123848e-01
-4.1086719242712200e-01
-2.7764928892340235e-01
-2.8732575047785652e-01
-6.2582108505936165e-02
-5.7484303922368385e-01
2.1297978934835671e-01
5.8242395614500952e-02
2.1613574486688997e-01
3.2499958569884685e-01
3.5032303259068975e-01
4.6643354569455217e-02
-1.3649440106016372e-01
1.9339362056574835e-01
-2.5193253495728962e-01
2.2618426315758233e-01
1.6660171167171647e-01
-2.9189109052479056e-01
-3.3547411312869502e-01
-3.6775807911485148e-01
-2.6582570495608936e-02
-1.9651597905355456e-01
-1.1813942434176999e-01
4.6978566834714219e-01
2.1444712740436700e-01
-3.9261924459456067e-02
-1.4355029404877778e-01
1.5948965047655750e-02
2.7229354655548627e-02
-2.4526018904084410e-01
5.0847113032660562e-01
2.1816537285140347e-01
3.8919162361530146e-02
-5.3544524107370692e-02
1.2640102771099126e-01
-1.6023917838813018e-01
5.8505845718468646e-02
-3.1675294235977014e-01
2.1916210505873654e-01
-8.1734628882593752e-03
-4.8836255938885742e-02
2.8909559417792158e-01
-3.2987138533851168e-01
-2.2989497943157630e-01
2.3843728996334707e-01
8.9274380398606398e-02
3.3230961214936827e-01
-2.1297961639147663e-02
-5.3488229078505123e-01
-4.4336485496750044e-01
1.2333191133390216e-01
1.8461125078051929e-01
-2.3296468413553834e-01
-1.2073963829744475e-01
8.0454641834716401e-02
-2.4594428201968915e-01
1.6798985832217456e-01
1.2170578750792765e-01
7.9331044873830636e-02
1.1652091234834568e-01
-1.5464322095790076e-01
3.8018063161461668e-01
7.4229693979950356e-02
2.1119314395119165e-01
9.7455064459840701e-02
-2.7667179969741507e-01
-6.6562331688556145e-02
-7.3882829067654227e-02
5.5609318131974339e-02
2.6177763779916333e-02
-2.7934720704557325e-02
2.2887963969971162e-01
-2.1003182546948601e-01
-1.6645162820661932e-01
-6.9183201957121215e-02
-9.7638492707446040e-02
1.4575316844848460e-01
8.6103664528314139e-02
3.5503819023564148e-01
-2.4471240414080803e-03
2.8746708149919598e-01
1.5297152464779140e-01
3.1847309319494471e-01
-3.1853757737631633e-01
-1.9561650805913905e-02
-5.2481955970613903e-01
7.6020242090982737e-01
-1.3689439288009872e-01
2.2199231785626372e-01
-6.5368946086843482e-01
1.5283693418710978e-01
8.7603559498579453e-02
-5.3275360750449752e-02
-4.5539756383539859e-01
1.0140883294382133e-01
3.2757945756984330e-01
5.2765373802444304e-01
1.5733973831446862e-01
1.8333309583509788e-01
-2.2584735263245787e-01
-1.4675275471789501e-01
-3.7266665940778293e-01
1.7300837180246759e-01
-2.6691078827887416e-01
3.7358194046129917e-01
