tensor
3 
3 5 7 
2.7198038555424509e-01
4.3285357027881954e-01
4.7274085400301380e-01
-3.0797165057222509e-01
-3.6112579717084470e-01
1.9626633708299479e-01
-4.0617997322513444e-01
2.5404403859335734e-02
3.0344218392863387e-02
3.6113981139333240e-01
-1.5146666447898083e-02
-1.0654363878473361e-01
1.7143113967402601e-01
2.4125794345420648e-01
2.0052467390386797e-02
-1.5228732872247486e-01
-3.5000274616831695e-01
8.6092067231461900e-02
-2.3785468227219264e-01
-4.5554590772176151e-01
2.5493326723117915e-01
-2.5721464217903811e-01
-5.7597686998056674e-02
1.8779608512010715e-01
-1.4077178959813941e-01
2.3634007430120174e-01
-1.0529252472123685e-01
1.8341586696797840e-01
2.0404743033426598e-01
-5.7694586616629184e-02
-4.8042237644668129e-01
-1.6914211978592897e-01
-7.5690503166862544e-02
-2.2972957656793469e-01
-3.0294620190454424e-01
3.2172118496130986e-01
-7.0078590616733605e-02
3.8777095425635377e-01
-1.0881700453883669e-01
2.6911438738829563e-01
-1.0320848298638341e-01
3.0851409588734513e-01
2.5507709900708353e-01
-1.2260445516489715e-01
-2.8398108403860567e-01
2.9040721796691338e-01
4.4930391184979690e-01
-1.7243456592479478e-01
1.7126437045173981e-01
-6.1355017413044388e-02
3.3350059558897527e-01
2.6885425242961491e-01
-3.3274645450527829e-01
3.6198047870207217e-01
4.8987215363150394e-01
1.4423456505704424e-02
3.8428102312695533e-01
8.8026055308497497e-02
-3.4524765134395530e-01
-3.0013717714254795e-01
-9.3045162861093211e-02
2.4870571821569143e-01
3.2558381578615558e-01
2.8996302994453083e-01
-1.8147575460100784e-01
3.4064127370726394e-02
-4.1004932122941895e-01
-3.8829425580679655e-01
-3.6370745106170133e-01
1.7865230480018823e-01
-4.8229809103393917e-03
-3.1028959398241984e-01
-4.9941750097791671e-03
-3.5239177802331134e-01
-4.4502585309381182e-01
3.5071267428900743e-01
6.0559527354884790e-02
4.2960886675666321e-01
1.9666720055522757e-01
8.2790965175840059e-02
3.1539721147742117e-01
3.7901390459717776e-01
4.8891161607958911e-01
-4.9947762464305523e-01
3.6543859101302456e-01
1.1256646948399873e-01
4.8995020570883085e-01
2.7680069338442359e-02
-2.0476614789781244e-02
3.0134760552195228e-01
-2.7215706429395814e-01
-1.9057088036102954e-03
4.0085248853200484e-01
7.4661219130187639e-02
3.4517818505403663e-01
2.3864029199540182e-01
8.5987035826475822e-02
-2.5326547401402510e-01
1.6641621731946799e-01
-4.1651718639737734e-01
1.2595978517158324e-01
1.6094455794734230e-01
2.2975185531722109e-01
3.9075211632532225e-01
4.8230322288360639e-01
