tensor
3 
3 5 7 
-3.6739421406280837e-02
-2.8783679474506563e-01
-4.0148126231189163e-01
3.2357447392783856e-01
-3.2499026261792041e-01
-3.3643009021500681e-01
1.6598721641111058e-01
3.9438937535424279e-01
1.6558208351270420e-02
2.0270230695047531e-01
-3.4640962338059977e-01
4.5345706988624768e-01
4.0884081241476466e-02
1.7973389821046692e-01
-4.6343698195154714e-01
3.0920385129379335e-01
2.4861887177619713e-01
-3.7981298201291935e-01
2.5045164762608763e-02
-1.7416637123675083e-01
4.6449439903068490e-02
-1.0111924761680102e-01
-8.4906613386953378e-02
-3.1926223974520562e-01
-2.4461325951194923e-01
-4.7946422534181543e-01
4.2367561262040720e-01
1.5369988900825293e-01
4.3261357204856410e-01
-3.3648763147247440e-01
4.2109725589219749e-01
2.9465788538875315e-01
7.7394196706648710e-02
-5.9964404239746361e-02
-2.4238626328756230e-01
2.5194639386744999e-01
-2.7133051789449858e-01
-4.3581291260810140e-01
2.6732951077657441e-01
1.7120218535653553e-01
2.1521251478584014e-01
1.4206082843385226e-01
-8.0951706375116950e-02
-1.0923791779582548e-01
3.1614010287532268e-01
-1.8257213634415037e-01
3.1453977290065127e-01
2.8907351493895828e-01
3.5226389034384564e-01
5.6366175717561529e-03
1.3566138886137691e-01
4.5089441537813524e-01
-5.6035844981189631e-02
-4.3998118022052402e-01
3.6674989699931870e-01
1.3118873426901123e-01
-1.4492634812115102e-01
4.9700327160664770e-01
-2.7582850101687284e-01
1.5245107296861493e-01
1.0499064190825935e-01
-1.1275456851686505e-01
-3.5781284070949593e-01
-4.7486501428979688e-01
-7.8887746234758693e-02
-3.1589971057248878e-01
2.2577526746945309e-01
-1.2963731348480190e-01
3.4156008746820610e-01
2.3422969119331316e-01
7.1025872824378888e-02
-3.2314494237469726e-01
4.5738402259572331e-01
-2.3467796380707995e-01
4.2458089523960096e-01
-2.7622959530295899e-01
-1.2643619235735504e-01
-4.1249965042341430e-01
1.4011654824671504e-01
-3.1938311224689164e-01
-4.5494889252642579e-01
2.2317347918309527e-01
-1.5256235441820987e-01
1.6061682450290382e-01
-1.1613139892802860e-01
1.2734650244346701e-01
-4.7835018536969354e-01
4.1056998852302851e-01
3.0055865627881106e-01
2.4584748434272119e-01
3.1311281361076071e-01
-1.1669368137447078e-01
1.1727923231644921e-01
7.5494859702813888e-02
3.0051704765015619e-02
-2.2493024417806495e-01
-2.5137104033802959e-01
-4.8361229548027240e-02
-2.7228717397345237e-01
3.0444958361307006e-01
4.8610424189597012e-01
-4.7000804973061006e-01
3.5664190667237694e-02
-4.1292278009910766e-01
3.0209144055580395e-01
