tensor
3 
3 5 7 
-3.1580590248447349e-01
9.7211350337854885e-02
-2.0006300991021109e-01
-3.6587706717131763e-01
-2.8739846664115709e-01
3.9494167544081438e-01
-4.2854718721295548e-01
-2.5751344106328056e-01
-4.4624560779128619e-01
-5.8277942935576088e-02
-4.8671679953274749e-01
3.9719135097357205e-01
-3.0334180863236804e-01
-4.0662948324490700e-01
-1.9263310041207993e-01
-4.3942333156258506e-02
-3.9833060637524487e-01
4.9538972765509171e-01
-1.6790716654750093e-01
-2.0265318411207833e-01
-4.3795477868036736e-01
-2.0175602811223614e-01
-4.5364873510181924e-01
5.4281424577029558e-03
2.6142588669011335e-01
1.3106999921359352e-01
-4.1010834922390826e-01
-4.1913757686968633e-01
2.7724053654894321e-01
4.0513474422357088e-01
3.3771951767000208e-02
-3.9084578795754144e-01
3.2580885785559832e-01
-1.6190228119782812e-01
-2.0602694697351598e-01
2.4631342770367937e-01
-4.8966338165660361e-01
-4.5155266074677791e-01
1.6791612157362368e-01
1.0346798383076949e-01
2.6102465795561192e-02
2.2970944822322770e-01
2.0725348531542154e-01
2.8137705179927719e-01
-2.1202302438582876e-01
1.9253198638651881e-01
5.6669834964012566e-02
-1.0347920741840744e-01
-4.3840933294603535e-01
2.8017553149117358e-01
-1.6241613594795490e-01
1.0786590726294576e-01
2.4125404950221796e-01
-3.9518675802650038e-01
-3.7211162021700483e-01
4.9540107015197954e-02
-1.4770591415040668e-02
3.9047567918443826e-01
2.9896027881287934e-01
2.3434108369596973e-01
-4.4866811388762895e-01
-4.2711470090102388e-01
-4.1147254032527958e-01
2.9835086411395240e-01
4.4300813957070273e-01
1.8371557240835812e-01
-3.6791704428643723e-01
2.2272453965676586e-01
-3.8964651935765138e-01
-3.8250714784816708e-01
1.4071792296592556e-01
-1.7118578524319727e-01
1.5381202259577365e-01
2.4913146310351908e-01
8.3185731454876177e-02
2.4003232798777763e-01
-2.6517308525209571e-01
2.3495754169605221e-01
4.7059852508661448e-01
3.6693029175191594e-01
-4.1376547013650367e-01
-1.3356338368080112e-01
-1.3080119566998183e-01
1.8502847266160927e-01
9.7941635383889114e-02
2.8936394364190543e-01
-1.3234708156212305e-01
-2.9397214049480536e-01
-4.1333345260446774e-01
2.7193391709910730e-01
-2.9432547853524016e-01
-1.1172836895219829e-01
5.1778531957227480e-02
-2.7104674797689998e-01
1.4194062039918731e-01
-1.5519627601819574e-02
-3.4815447488373341e-01
2.8193196658800190e-01
-3.9939367763757849e-01
-2.0593366624137155e-01
-2.6262698029442078e-01
3.0872257027928396e-02
-4.0850126866058778e-01
-9.4684580119408723e-02
-3.9515375288424348e-01
