tensor
3 
3 5 7 
-2.9225770726697153e-01
-1.9875366972050934e-01
-2.9076651482409344e-02
-2.6951183978844151e-01
3.4430879269538905e-01
-3.0523571043295072e-01
-2.7407821902760121e-01
-3.2929195285214141e-01
-2.7233570218344649e-01
-6.4301315896100886e-02
-1.8889771334958716e-01
4.2337964210324386e-01
-6.9792608670416034e-02
-3.1518367987586393e-01
4.0488096867989287e-01
4.7974837835608519e-01
-6.1130026873896792e-02
-3.8888077655940123e-01
-2.4193530408793307e-01
-9.1280153887447923e-02
9.4896074008614328e-02
-2.3778825221915456e-01
1.0284308938208298e-01
2.1121578043368294e-01
-2.7825326598275990e-01
-3.8258234914419409e-01
-2.0332412678167311e-01
-1.8122169807411770e-01
-7.5833240286192760e-02
7.8582846611181534e-03
-4.1448420290995602e-01
-2.3751776530166735e-01
3.0101462276973878e-01
-4.7077972243785371e-01
4.2885413947804463e-01
2.3033086285545290e-01
-1.1391026196420850e-02
7.8525061023438925e-02
-2.6271642022847852e-01
-4.1151171820068888e-02
4.6308853928691296e-01
4.6805718738967994e-02
2.1135830804001499e-02
-2.6840561329147616e-01
-1.1102256079833062e-02
1.2406008817368952e-01
1.7913554086574768e-01
-1.0448478433140695e-01
-1.3256335145552345e-01
4.8798200316163276e-01
-4.6226113376044786e-01
3.8516800820247532e-01
4.1328682763923896e-01
2.9618387358521203e-01
-4.0128772134442570e-01
-2.3812881612928394e-01
-1.6464316003720347e-01
1.7972795137733799e-01
-3.6344686264463033e-01
2.2122749858174018e-01
-3.9323813839275856e-01
1.5375734866855961e-01
-5.8260633607298828e-03
2.7905172323127514e-01
2.1503707840069408e-01
4.0372056055631633e-01
3.9092250433078923e-01
-1.6583694726250375e-01
1.9874583233479448e-01
-3.0219017331407083e-01
-4.6945905369536334e-01
2.4407426036746238e-01
2.2435590200875488e-05
-2.0077858853939534e-02
4.0472223806736274e-01
1.0986664842255844e-01
1.1766638958845466e-01
3.5944230564621227e-01
3.0548942452968564e-01
7.6721515614685099e-02
-3.1707753058508603e-01
-2.6006798943128262e-01
3.8651193307610132e-01
-4.7132584753589390e-01
-1.0098611487776132e-02
-3.3207285431774325e-01
4.7868064964115875e-01
2.1269447167891409e-01
4.7162415484303111e-04
-2.8911625458060697e-02
-4.4038113242036081e-01
1.8197190414906317e-01
-4.5756886249925832e-01
-4.2855453539935762e-01
2.1649842464283697e-02
-4.0326997421913302e-01
3.1814855385962471e-01
3.1754709207928633e-01
2.2243959236684230e-01
-3.5013455752203315e-01
1.5960525290830718e-01
1.8594942510538170e-02
4.7297455476386252e-01
1.4899149271235612e-01
3.0033057535240149e-01
