tensor
3 
3 5 7 
2.6902908533589620e-01
8.1446487875397766e-02
4.2831306231418798e-01
8.0090365758441640e-02
-4.8301706166273872e-01
-3.7914042890144184e-01
3.6271071869966964e-01
-1.5703488787897513e-02
3.4485567457626320e-01
-2.9059491597906528e-01
5.2291341538775016e-02
1.2988338506442121e-01
-4.6800898423743309e-01
1.1471341911714050e-01
-1.3758853772694735e-01
-4.5046742095793879e-01
-1.0430010822678248e-02
-3.0748960393792524e-01
-3.7691625245405480e-01
-2.9450582909232015e-01
-3.5348508938511014e-01
-3.1092782552738618e-01
-4.5734758908885664e-01
1.3519791685988203e-01
-2.1813314411957008e-01
3.8596678045340393e-02
1.9516303944433200e-01
-8.8398651741050660e-04
3.5801055751113253e-02
-5.4816834703957706e-02
-3.7606772240192987e-01
-9.6427065319818484e-03
3.5299815534081624e-01
3.7392740586173334e-01
-2.2970566770730239e-01
-2.9153864124868623e-01
6.4979570738201153e-02
1.4031182516275809e-01
-8.2971048357113997e-02
-2.9402448446775664e-01
4.4793312129316865e-01
-4.1792879290227414e-01
-3.9429057341827856e-01
-3.5795887809600180e-01
-3.3353955912357924e-01
1.2095864393530831e-01
7.3709764841198178e-02
-4.4792210971413038e-01
4.3120138460824964e-01
2.2866168167827117e-01
2.3784165379759015e-01
-4.3659549930718178e-01
3.6044056303823191e-01
4.3440511896121337e-01
4.8439831224097163e-01
3.5893881668386618e-01
2.8555898926503054e-01
1.3377418587574907e-02
-3.2239753949413497e-01
-1.0141050326415690e-01
-3.6606874901202879e-01
-4.6911045125504847e-01
4.3914170606954794e-01
-1.9869393541360780e-01
-2.0446616552464358e-01
-1.6706371816382470e-01
-3.2931812971147556e-02
1.4819840646615712e-01
-4.7477181850696371e-01
3.4220661241933448e-01
5.9032544988695035e-02
3.5409994927344313e-01
-1.5212080567273889e-01
-5.3973351944897163e-02
-4.4576051555887042e-01
-3.2289246621089085e-01
1.6280806196097442e-01
-1.6917100479669545e-01
3.9848613783429954e-01
-3.8184480155328937e-01
4.8841792878498058e-01
3.9982099037929153e-02
2.0691741932276275e-01
4.9949162009770465e-01
-2.1215065518486276e-01
-8.5477461106891583e-02
-3.5160058374862690e-02
2.6395707849195660e-01
3.1820403890767079e-01
-3.9977845980450843e-01
-3.2188304611323360e-01
-1.4036508651791968e-01
-4.4329531093170882e-01
2.1885673661279248e-02
-1.6415102532307546e-01
-3.2433097032433922e-01
-2.9105332600686462e-01
4.0515355900446404e-01
1.7539117733624687e-01
-3.1531800096002649e-02
4.1213247423962285e-01
-3.9598842522062150e-01
2.4554607370171733e-01
2.3626745559663853e-01
6.1861425281637406e-02
