tensor
3 
3 5 7 
2.7880224182409252e-01
-7.6547081037261711e-02
-4.0917671421256052e-01
-2.3352850922092760e-01
-3.4634328240869339e-01
-2.1899469746612910e-01
-5.9914860998279140e-02
2.7142741760652234e-02
-4.2575634312326027e-02
3.7537159860418490e-01
1.8052108361104158e-02
4.4362262454838786e-01
1.3770909807217402e-01
4.5769393984158324e-01
-2.5929296451983974e-01
1.7612230386375183e-01
-2.1093542832552326e-01
1.7180816541421517e-01
1.9514049955173718e-01
-4.3200723152998943e-01
-2.4520984340299468e-01
-2.7595996917578125e-01
1.6783272701371654e-01
3.4439215652720456e-01
-1.5553758869895784e-01
2.8051965273135793e-01
1.7533206574699955e-01
-4.9328468568152251e-01
1.0217048758179526e-01
-1.1322880547901537e-01
4.1599124413142530e-01
-4.9884894287089276e-01
-3.7550840757671344e-02
-7.5650960184624805e-02
-3.9083633971035980e-02
2.7015972860860926e-01
-1.7752819281322141e-01
2.8473929476074156e-01
-2.8642846289388402e-02
-4.6423726673088206e-01
-3.2412558431646910e-01
2.2175803339110245e-01
-2.6514007034679654e-02
-3.4727879956176821e-01
-1.5887539295089070e-01
1.0738921376834742e-01
-3.0825474453820223e-01
2.3842683997694158e-01
-2.5715040168183090e-01
4.1742434204938239e-01
-2.3093841331398168e-01
2.6550001662143841e-01
-3.1133802320850901e-01
-2.1250182693386876e-01
-4.0888653631346505e-01
7.6209380663006976e-02
1.8336324329465303e-01
4.6593114590322782e-02
-7.4271158128812131e-02
1.4444278143133649e-01
1.4761763017268437e-01
1.7901675409320195e-01
1.3578671051408364e-01
4.4517411310940136e-01
-2.9106507757397715e-01
2.0928170271054480e-01
-2.6376942300620343e-01
-3.8060375220269449e-01
1.0730394068563465e-01
-4.9862303034103994e-02
-4.1274506351132167e-02
1.6194475190565194e-01
2.7028551480366014e-01
-1.4978198655889496e-01
1.6200959835913453e-01
-8.3841410030203511e-02
3.4192915269130897e-01
3.3291681907521575e-01
-2.4355900777085271e-01
1.1346073681287527e-01
8.2249164527227081e-02
4.0739337124409691e-02
3.6994103235800735e-01
-2.3522097352436999e-01
-1.8192592451894085e-01
-3.8078545894580884e-01
4.3982947034492059e-01
1.4555187497252353e-01
-2.0536775051112177e-02
1.3931696104010838e-01
4.4716110526762831e-02
1.4731148029312768e-01
4.3885933999639026e-02
2.2104662057981139e-01
2.2495305777102126e-02
4.9370462412085203e-01
-2.8132336760036614e-01
-3.9420172674977183e-01
-3.9030253547680582e-01
-4.3640862902489430e-01
-9.5420004142374171e-02
-5.1627087933504678e-02
-1.3418382316182875e-01
2.6350464084881342e-01
1.2789637961416878e-01
