tensor
3 
3 5 7 
-4.6202291273080509e-02
-6.7608496216538305e-02
3.2531379540204564e-01
-4.1653018514108597e-01
-3.6682899239283828e-01
-3.2661138688099445e-01
-1.0906219767626446e-01
3.3137974283906957e-01
3.0336439160244022e-01
-4.3952882083010636e-01
-1.0074222938642430e-01
2.6875830508295895e-02
-8.3200532069213073e-02
1.5685989097370723e-01
1.2797335919010422e-01
-2.0801592003828506e-01
-6.8348829751279760e-02
-4.8451287436398105e-01
4.8406372437915379e-01
-3.3283159008534402e-01
-3.9378365507133617e-01
-1.2759025994446305e-01
-3.0188159745702536e-01
-1.0312361983976115e-02
-1.6050658660924233e-01
4.5163046477772695e-01
4.2033203983656375e-01
-4.4732300231920741e-01
2.3785809551699655e-01
-2.3088057360144409e-01
-7.7164384991192159e-02
4.7870901214844719e-02
4.4273698427693431e-01
-8.2255895683337799e-02
4.8305246646985611e-01
-1.9854505128793454e-01
2.0109875590092630e-01
1.6633885158442563e-01
3.9126465042856662e-02
1.9810552018030836e-01
1.6652791340258688e-01
-3.2186754559966224e-01
-3.7198560027982741e-01
4.9908039476136068e-01
-3.2887893364356791e-01
-4.6739917946947196e-01
6.1199792709660139e-02
3.8186650045180992e-01
1.6917530453439378e-01
-3.0956673282004588e-01
-1.3108345393610510e-01
-3.9274062739588445e-02
4.8163795097074968e-01
-3.4359504777343652e-01
3.5552280584591134e-01
1.4476453687008795e-01
-1.2372778972116838e-01
-3.0907630476369696e-01
-7.1747007020613984e-02
-1.7977938968143703e-02
-3.7938838670283770e-01
8.9507484695058981e-02
-2.7381232024732427e-01
-1.1538087563058919e-01
8.2986382747673892e-02
-2.4819387752768718e-01
-2.0955933572302066e-01
1.1709088439322335e-01
-2.3471909018997061e-01
3.2437626668883501e-01
4.8266339972195027e-01
2.3024879226759765e-01
-1.5612299588501688e-01
8.4069333278452008e-02
-3.9223098475625695e-01
4.0630815064973291e-01
3.7965372448190482e-01
3.1776055937064185e-01
-2.3927200094453538e-01
9.4356250664330843e-02
-4.7748740725976824e-01
-7.4740679785865072e-02
-1.8728111317938445e-01
-3.3851525568825003e-01
-3.2123381324763178e-01
-7.7114310899915495e-02
-4.0577066111226534e-01
9.8523668756741123e-02
-2.9075743641665985e-02
1.9594931330160792e-01
1.9988784992829156e-01
1.3853075827183792e-01
-4.6639616393357053e-01
-4.3119390088194876e-01
-1.8040026481950389e-01
3.0864280694126500e-02
1.5444570775706634e-01
-9.2380802958847430e-02
3.1998122278194063e-01
2.1835894320588367e-01
4.6864933023109367e-01
3.1333906565674474e-02
-1.7485431817943997e-01
-3.9437079667097807e-01
1.1095865874620059e-01
