tensor
3 
3 5 7 
1.0198194140163652e-01
-2.3702871545985571e-01
1.5407909847678225e-01
1.8921450314000776e-01
2.4815159282370947e-01
-4.9458401497502247e-02
-4.1617862200306743e-01
-2.7102303128318117e-01
4.1333736150166955e-01
-3.4762198103077702e-01
3.2581697748954741e-01
3.8342435260057095e-02
4.9613471662688546e-01
-4.2182447124681632e-01
-5.7321730224553669e-02
-3.9334722981941561e-01
4.6189808085505368e-01
-4.9536577586593256e-01
2.7491046471150238e-01
3.1730322065343297e-01
3.6869470536350968e-01
-4.1556415448908968e-01
-1.0021735090110351e-01
-2.4012959714934579e-01
3.0006848022430754e-01
-6.8586172536455381e-02
4.1064759442952292e-01
-3.1815297169714751e-01
-2.3619708347800994e-01
-3.5446101961528298e-01
-3.6393144129133626e-01
3.6929220764008930e-01
7.9704587365570179e-02
4.9860201836331997e-02
-3.5504520177627319e-01
3.5303111772189366e-01
1.2205513148506597e-01
-1.4904761910772912e-01
1.3249539867053350e-02
-9.8191966248058260e-02
-4.2403330830915809e-01
-2.6008384644634197e-01
-3.7668106516483446e-01
-3.1609221171758328e-01
-2.6004747433509723e-01
-8.2732930915630498e-02
-4.5034556967425787e-01
4.0271610991528106e-01
4.4478718972164599e-01
-9.1359075319200622e-03
-1.0747361599981131e-02
-1.6228059017862284e-01
4.0005384641766195e-01
-1.3075321887978497e-01
-3.8879724470621257e-01
2.8025206832113791e-01
-1.1026116303874656e-01
-2.5830871408616729e-01
-9.6087854411885276e-02
-4.0354547483161141e-01
-3.6802670739366494e-01
4.4205059077548514e-01
4.5613454022980227e-01
7.5208595078465557e-02
-4.4022045705284418e-01
-2.6522008662759367e-01
-1.4684142877792894e-01
3.2119404019795905e-01
-4.8459656234844495e-01
-4.5697619834219216e-01
-3.3100997053729564e-01
1.4911547495645205e-01
2.3172238565867032e-01
1.4774596313630672e-01
-4.9076293569055074e-02
4.7008892286344972e-02
-2.0367919439222681e-01
2.4469280707415619e-01
-3.1104498496745547e-01
1.8677543336531499e-01
-3.1648884426273027e-01
-1.3151540350966351e-01
1.2561856072969035e-01
2.8022743515137682e-01
-4.1887423113421474e-01
4.2938597096872999e-01
2.7571267860840232e-01
-1.3208367596827641e-02
-6.4141411419080918e-02
-5.3216250570193746e-02
-1.9365052798344262e-01
8.5086553811269949e-03
1.0771564172109671e-02
3.1762770832226206e-01
2.9483141688345305e-01
1.4431813019369166e-01
-1.2139061733973155e-01
3.1158045828247716e-01
3.2825588799454852e-02
-1.4927289642311670e-01
4.3900156199988682e-01
3.7594281149298381e-01
5.0156342898422190e-02
1.2247508600122747e-01
8.7044704531416772e-02
