tensor
3 
3 5 7 
3.1472368639317894e-01
4.0579193707561922e-01
-3.7301318370649394e-01
4.1337585613901939e-01
1.3235924622540951e-01
-4.0245959500059048e-01
-2.2150178113295160e-01
4.6881519204983846e-02
4.5750683543429760e-01
4.6488853519927653e-01
-3.4238691832245172e-01
4.7059278176061570e-01
4.5716694824294557e-01
-1.4624351277158776e-02
3.0028046888880011e-01
-3.5811366137278466e-01
-7.8238717373725009e-02
4.1573552518906709e-01
2.9220732955955442e-01
4.5949242639290300e-01
1.5574069915658684e-01
-4.6428832142581045e-01
3.4912930586877711e-01
4.3399324775755055e-01
1.7873515485777347e-01
2.5774013057833345e-01
2.4313246812491618e-01
-1.0777298046583184e-01
1.5547789017755664e-01
-3.2881331218843823e-01
2.0604608801960878e-01
-4.6816715362257932e-01
-2.2307701503911004e-01
-4.5382860936884606e-01
-4.0286821876415246e-01
3.2345782832729264e-01
1.9482862297581705e-01
-1.8290051993913947e-01
4.5022204883835493e-01
-4.6555391949709124e-01
-6.1255640343601758e-02
-1.1844154290699160e-01
2.6551678814900237e-01
2.9519990113706318e-01
-3.1312739544562140e-01
-1.0235604211768945e-02
-5.4413799289100506e-02
1.4631301011126463e-01
2.0936483085807256e-01
2.5468668198236089e-01
-2.2397492300142163e-01
1.7970267685367480e-01
1.5509800397384066e-01
-3.3738826480536943e-01
-3.8100231844162336e-01
-1.6359480178570474e-03
4.5974395851608107e-01
-1.5961427333386680e-01
8.5267750979777346e-02
-2.7618806050886302e-01
2.5126705930565285e-01
-2.4490488454073089e-01
5.9570516651423766e-03
1.9907672265668597e-01
3.9090325253579850e-01
4.5929142520544430e-01
4.7215529963803071e-02
-3.6137555717132086e-01
-3.5070599444094253e-01
-2.4249174587626354e-01
3.4071725598366254e-01
-2.4571782102846895e-01
3.1428482606881636e-01
-2.5647503127501070e-01
4.2926362318722777e-01
-1.5001623401519126e-01
-3.0340474956879182e-01
-2.4891614202396894e-01
1.1604467614663916e-01
-2.6711151097270736e-02
-1.4834049293700324e-01
3.3082862789629086e-01
8.5264091152724264e-02
4.9723608291139532e-02
4.1719366382981005e-01
-2.1416098117962645e-01
2.5720022911072127e-01
2.5372909427849533e-01
-1.1955415302464334e-01
6.7821640725221122e-02
-4.2414571043693639e-01
-4.4604988133339285e-01
3.0797553008972689e-02
2.7916723010201117e-01
4.3401068422918299e-01
-3.7009379152626987e-01
6.8823660872192716e-02
-3.0609358941794174e-02
-4.8809793049875860e-01
-1.6287735560111849e-01
-3.3781769180675725e-01
2.9428454068390697e-01
-1.8878495795519512e-01
2.8533135506212726e-02
-3.3435127050021907e-01
