tensor
3 
3 5 7 
4.8914490970033997e-01
-4.3305374160224985e-01
4.3939836188453485e-01
-4.8182246636330428e-01
1.8383861374635535e-01
2.8373648008321861e-01
3.4137567882728259e-02
3.8535945093114177e-01
3.9900489890614010e-01
1.2593762608049586e-01
-3.6213100758744177e-01
-2.8219840628787540e-01
-3.1785892410956629e-01
-4.5818013602704566e-01
-3.9305834144979301e-01
1.1644348508568514e-01
4.3966101016106673e-01
-1.4554426903267115e-01
-8.9370909940486021e-02
4.8434941698445155e-01
4.4557918903526261e-01
1.7664467843353915e-01
4.8830226231328622e-01
2.6683138721659427e-01
-1.6330073560852387e-01
1.6238186039948121e-01
-2.5583471320972073e-01
-2.0449274916840321e-01
1.8017837123050207e-01
2.7846830418797874e-02
-8.8406486592465416e-02
1.0263821803639717e-01
2.5052005592373561e-01
8.3533174261958609e-02
5.1792514935967482e-02
8.3570618757714432e-02
1.1819919958475200e-02
-4.1740727300130065e-01
2.1957013485948973e-01
4.9615611129686943e-01
-1.4546569504307816e-01
4.7125881518340573e-01
-1.5355123869964038e-01
3.8654386176030631e-01
-4.5305135008092190e-02
-8.6572710979184730e-02
-2.8226793164269959e-01
-3.7434541263737375e-01
-1.9108540643318472e-01
2.2610443166483185e-01
2.8287207297912320e-01
1.9378761498689723e-01
-4.9019774773693792e-01
3.4321333801050957e-01
4.2233199779627573e-01
2.7095422067392450e-01
-4.5734014406495127e-01
-1.2181386294978114e-01
2.0433962448336762e-01
2.2951304550464691e-01
-2.7572292933548559e-01
-2.3094526822663497e-01
1.7303116500411897e-01
-2.2507802273138755e-02
1.2371641266744249e-01
-2.6355506735908962e-01
-3.2287624550168348e-01
3.2964338569758456e-01
2.6692166793526484e-01
4.3447827311826959e-01
-3.9211109491563645e-01
-3.1777249439894428e-01
-4.0090471757754154e-01
-1.0236198076553071e-02
-3.0675466953112951e-01
3.9589157379256823e-01
-4.0091035031818545e-01
-4.5583442823733888e-01
5.7295155804761855e-02
2.7249506718762406e-01
-1.8805994250373115e-01
-3.2101752068566491e-01
-1.6104432175228178e-01
-2.8985436295644795e-01
1.0152519765250223e-02
4.0636432326521477e-01
1.2892393865231788e-01
-3.9846611118768782e-01
-1.0914524727364538e-01
-4.4538338477634243e-01
1.2829132032152746e-03
-6.8278828115752810e-02
4.9756034951218908e-01
3.1160258099532290e-01
-1.4348330101982332e-02
3.9444775556739320e-01
-3.6245340523293523e-01
-1.0999508555471460e-01
4.2735622499812487e-01
4.1749383241611693e-01
2.1357401159431577e-01
1.1833738362194002e-01
-1.5671210975865457e-01
4.3602732668976973e-01
-3.7522595933950742e-01
