tensor
3 
3 5 7 
-3.8771603784397335e-01
2.8442789074391273e-01
-2.0842968209306911e-01
1.0353343875088683e-01
4.6442266721590131e-01
-6.7515006029639002e-02
1.9475219461794013e-01
2.5809927528945409e-01
-6.7357673852899480e-02
1.5549803980353738e-01
-3.9024494927694842e-01
4.3375984838533244e-01
-3.1253919357831350e-01
-2.3382116109236117e-01
2.9783026021159709e-01
-1.2396224566076364e-02
2.6895826405886913e-01
-1.0399325478212484e-01
-2.2706120587630940e-01
-4.6276536592967199e-01
1.7329491410865316e-01
-7.0435540748146952e-02
-4.8260765095264446e-02
1.0985716929021605e-01
-4.4059670314172283e-01
-1.8418856166113395e-01
2.7272213086293473e-01
1.9643298900609485e-01
-3.7466781889082001e-01
-3.6984854961057645e-01
-4.0764766128079843e-01
-4.9217970643066511e-01
-7.6890614835833482e-02
1.5557317493791434e-01
2.2292252469202434e-01
3.1209293582438735e-02
-3.9118206172695458e-01
1.3176637352848886e-01
-3.7350013467069709e-01
-3.6569669568642538e-01
-4.0140590728900227e-01
-3.5797275156807162e-01
-3.3174870150847224e-01
-3.0375107774304466e-01
-1.8252022485056463e-01
-1.8357100085370903e-01
-2.8243669057717935e-01
-2.4895815398426391e-01
3.9292240528597699e-01
2.0322322455629105e-01
5.5737942719386591e-02
-3.1556633224234676e-01
-2.8796915746767926e-01
-4.2265319188732320e-01
4.1380041077956786e-01
2.0671521769693058e-01
5.7788966754876214e-02
-1.8657101006340870e-01
-3.3379643709784934e-01
1.2249725927989519e-01
4.8793473495249540e-01
-3.2956797694311668e-01
-2.4220774942798695e-01
-1.0320068136685634e-01
-4.2600523042306204e-01
1.8409606696200898e-01
-9.7611667303838079e-02
4.8283520139395097e-01
-9.7816014777515337e-02
1.2067194719957841e-01
-3.4563019452072763e-01
-1.1865479555552805e-01
-3.3886602815063915e-01
2.5811243132741857e-01
3.7111112191538920e-01
-1.4922325511410739e-01
1.8553570874753722e-01
-2.0585136623215039e-01
3.0629303856885559e-02
3.3242338628518386e-01
9.7490191872579346e-02
-1.6468866929475390e-01
-2.0077497666689337e-01
-4.7407458430675953e-02
-7.7354346779537564e-02
-1.4039368202776437e-01
5.8319199869297123e-02
2.4254536570193908e-01
-7.5665216374309341e-02
-7.0644211423794956e-02
-3.7512724128018715e-01
-4.7556598394962601e-01
-2.0981473486927282e-01
-1.8247941710077364e-01
1.5369013396647513e-01
4.5693592407068406e-01
4.3573087278488043e-01
-4.2113666145633166e-02
-2.5952160316791539e-01
2.6389794428647828e-01
2.5932738313109627e-01
2.4064806497861424e-01
2.4368834148732599e-01
-3.9407958326723469e-01
1.8156043047031567e-01
