tensor
3 
2 7 5 
3.2860000000000000e+03
4.1490000000000000e+03
3.4600000000000000e+03
4.3650000000000000e+03
3.6260000000000000e+03
4.5690000000000000e+03
3.7000000000000000e+03
4.6650000000000000e+03
3.7760000000000000e+03
4.7670000000000000e+03
3.8420000000000000e+03
4.8510000000000000e+03
3.9400000000000000e+03
4.9750000000000000e+03
1.2237000000000000e+04
1.4695000000000000e+04
1.2849000000000000e+04
1.5427000000000000e+04
1.3393000000000000e+04
1.6083000000000000e+04
1.3733000000000000e+04
1.6479000000000000e+04
1.4059000000000000e+04
1.6881000000000000e+04
1.4331000000000000e+04
1.7201000000000000e+04
1.4711000000000000e+04
1.7653000000000000e+04
2.4961000000000000e+04
2.6623000000000000e+04
2.6197000000000000e+04
2.7931000000000000e+04
2.7269000000000000e+04
2.9067000000000000e+04
2.8009000000000000e+04
2.9847000000000000e+04
2.8679000000000000e+04
3.0585000000000000e+04
2.9255000000000000e+04
3.1193000000000000e+04
3.0043000000000000e+04
3.2029000000000000e+04
3.7485000000000000e+04
4.1797000000000000e+04
3.9321000000000000e+04
4.3861000000000000e+04
4.0889000000000000e+04
4.5641000000000000e+04
4.2037000000000000e+04
4.6897000000000000e+04
4.3067000000000000e+04
4.8023000000000000e+04
4.3947000000000000e+04
4.8995000000000000e+04
4.5139000000000000e+04
5.0319000000000000e+04
5.3587000000000000e+04
5.6969000000000000e+04
5.6191000000000000e+04
5.9765000000000000e+04
5.8391000000000000e+04
6.2149000000000000e+04
6.0067000000000000e+04
6.3905000000000000e+04
6.1565000000000000e+04
6.5455000000000000e+04
6.2837000000000000e+04
6.6799000000000000e+04
6.4549000000000000e+04
6.8615000000000000e+04
