tensor
3 
7 3 5 
7.6300000000000000e+02
7.9300000000000000e+02
8.1500000000000000e+02
8.4100000000000000e+02
8.7500000000000000e+02
8.9300000000000000e+02
9.1700000000000000e+02
1.8240000000000000e+03
1.8960000000000000e+03
1.9480000000000000e+03
2.0120000000000000e+03
2.0920000000000000e+03
2.1360000000000000e+03
2.1940000000000000e+03
3.6120000000000000e+03
3.7560000000000000e+03
3.8560000000000000e+03
3.9920000000000000e+03
4.1440000000000000e+03
4.2360000000000000e+03
4.3540000000000000e+03
5.4000000000000000e+03
5.6160000000000000e+03
5.7640000000000000e+03
5.9720000000000000e+03
6.1960000000000000e+03
6.3360000000000000e+03
6.5140000000000000e+03
7.8560000000000000e+03
8.1680000000000000e+03
8.3880000000000000e+03
8.6760000000000000e+03
9.0120000000000000e+03
9.2080000000000000e+03
9.4620000000000000e+03
1.0240000000000000e+04
1.0648000000000000e+04
1.0932000000000000e+04
1.1316000000000000e+04
1.1748000000000000e+04
1.2008000000000000e+04
1.2342000000000000e+04
1.2552000000000000e+04
1.3056000000000000e+04
1.3396000000000000e+04
1.3892000000000000e+04
1.4404000000000000e+04
1.4736000000000000e+04
1.5154000000000000e+04
1.5008000000000000e+04
1.5608000000000000e+04
1.6020000000000000e+04
1.6596000000000000e+04
1.7220000000000000e+04
1.7608000000000000e+04
1.8102000000000000e+04
1.7916000000000000e+04
1.8636000000000000e+04
1.9120000000000000e+04
1.9832000000000000e+04
2.0560000000000000e+04
2.1036000000000000e+04
2.1634000000000000e+04
2.0634000000000000e+04
2.1462000000000000e+04
2.2022000000000000e+04
2.2834000000000000e+04
2.3678000000000000e+04
2.4222000000000000e+04
2.4908000000000000e+04
2.2756000000000000e+04
2.3668000000000000e+04
2.4288000000000000e+04
2.5176000000000000e+04
2.6112000000000000e+04
2.6708000000000000e+04
2.7462000000000000e+04
2.7072000000000000e+04
2.8152000000000000e+04
2.8900000000000000e+04
2.9924000000000000e+04
3.1060000000000000e+04
3.1752000000000000e+04
3.2638000000000000e+04
3.0432000000000000e+04
3.1656000000000000e+04
3.2476000000000000e+04
3.3692000000000000e+04
3.4924000000000000e+04
3.5736000000000000e+04
3.6754000000000000e+04
3.2220000000000000e+04
3.3516000000000000e+04
3.4384000000000000e+04
3.5672000000000000e+04
3.6976000000000000e+04
3.7836000000000000e+04
3.8914000000000000e+04
3.6012000000000000e+04
3.7452000000000000e+04
3.8440000000000000e+04
3.9824000000000000e+04
4.1320000000000000e+04
4.2252000000000000e+04
4.3438000000000000e+04
