tensor
3 
2 3 5 
2.0000000000000000e+00
3.0000000000000000e+00
5.0000000000000000e+00
7.0000000000000000e+00
1.1000000000000000e+01
1.3000000000000000e+01
1.7000000000000000e+01
1.9000000000000000e+01
2.3000000000000000e+01
2.9000000000000000e+01
3.1000000000000000e+01
3.7000000000000000e+01
4.1000000000000000e+01
4.3000000000000000e+01
4.7000000000000000e+01
5.3000000000000000e+01
5.9000000000000000e+01
6.1000000000000000e+01
6.7000000000000000e+01
7.1000000000000000e+01
7.3000000000000000e+01
7.9000000000000000e+01
8.3000000000000000e+01
9.7000000000000000e+01
1.0100000000000000e+02
1.0300000000000000e+02
1.0700000000000000e+02
1.0900000000000000e+02
1.1300000000000000e+02
1.2700000000000000e+02
