tensor
3 
2 3 7 
3.3524000000000000e+04
3.5105000000000000e+04
3.7373000000000000e+04
4.0487000000000000e+04
4.3319000000000000e+04
4.8881000000000000e+04
3.9602000000000000e+04
4.1469000000000000e+04
4.4165000000000000e+04
4.7855000000000000e+04
5.1219000000000000e+04
5.7773000000000000e+04
4.4820000000000000e+04
4.6955000000000000e+04
5.0043000000000000e+04
5.4289000000000000e+04
5.8137000000000000e+04
6.5575000000000000e+04
5.2396000000000000e+04
5.4889000000000000e+04
5.8501000000000000e+04
6.3463000000000000e+04
6.7963000000000000e+04
7.6645000000000000e+04
5.8648000000000000e+04
6.1425000000000000e+04
6.5437000000000000e+04
7.0935000000000000e+04
7.5959000000000000e+04
8.5665000000000000e+04
6.3912000000000000e+04
6.6967000000000000e+04
7.1391000000000000e+04
7.7469000000000000e+04
8.3005000000000000e+04
9.3619000000000000e+04
7.1544000000000000e+04
7.4959000000000000e+04
7.9911000000000000e+04
8.6717000000000000e+04
9.2889000000000000e+04
1.0475900000000000e+05
