tensor
3 
2 3 7 
5.5788000000000000e+04
5.8177000000000000e+04
6.1509000000000000e+04
6.5975000000000000e+04
7.0115000000000000e+04
7.9085000000000000e+04
5.7266000000000000e+04
5.9741000000000000e+04
6.3185000000000000e+04
6.7835000000000000e+04
7.2131000000000000e+04
8.1341000000000000e+04
5.9276000000000000e+04
6.1833000000000000e+04
6.5405000000000000e+04
7.0223000000000000e+04
7.4675000000000000e+04
8.4173000000000000e+04
6.1310000000000000e+04
6.3941000000000000e+04
6.7625000000000000e+04
7.2563000000000000e+04
7.7163000000000000e+04
8.6981000000000000e+04
6.2372000000000000e+04
6.5061000000000000e+04
6.8825000000000000e+04
7.3883000000000000e+04
7.8563000000000000e+04
8.8589000000000000e+04
6.2918000000000000e+04
6.5637000000000000e+04
6.9449000000000000e+04
7.4571000000000000e+04
7.9319000000000000e+04
8.9433000000000000e+04
6.4050000000000000e+04
6.6827000000000000e+04
7.0719000000000000e+04
7.5957000000000000e+04
8.0813000000000000e+04
9.1115000000000000e+04
