tensor
3 
2 7 5 
2.4760000000000000e+03
3.1590000000000000e+03
2.7800000000000000e+03
3.5450000000000000e+03
3.0640000000000000e+03
3.9070000000000000e+03
3.3640000000000000e+03
4.2870000000000000e+03
3.5600000000000000e+03
4.5450000000000000e+03
4.0340000000000000e+03
5.1450000000000000e+03
4.2520000000000000e+03
5.4250000000000000e+03
9.6870000000000000e+03
1.1605000000000000e+04
1.0873000000000000e+04
1.3019000000000000e+04
1.1975000000000000e+04
1.4341000000000000e+04
1.3127000000000000e+04
1.5717000000000000e+04
1.3981000000000000e+04
1.6743000000000000e+04
1.5753000000000000e+04
1.8875000000000000e+04
1.6661000000000000e+04
1.9951000000000000e+04
2.0011000000000000e+04
2.1373000000000000e+04
2.2469000000000000e+04
2.3987000000000000e+04
2.4739000000000000e+04
2.6413000000000000e+04
2.7115000000000000e+04
2.8941000000000000e+04
2.8913000000000000e+04
3.0879000000000000e+04
3.2525000000000000e+04
3.4739000000000000e+04
3.4441000000000000e+04
3.6775000000000000e+04
3.0315000000000000e+04
3.3607000000000000e+04
3.4037000000000000e+04
3.7737000000000000e+04
3.7471000000000000e+04
4.1547000000000000e+04
4.1059000000000000e+04
4.5535000000000000e+04
4.3829000000000000e+04
4.8569000000000000e+04
4.9257000000000000e+04
5.4617000000000000e+04
5.2189000000000000e+04
5.7849000000000000e+04
4.3597000000000000e+04
4.6079000000000000e+04
4.8947000000000000e+04
5.1745000000000000e+04
5.3881000000000000e+04
5.6963000000000000e+04
5.9029000000000000e+04
6.2423000000000000e+04
6.3059000000000000e+04
6.6625000000000000e+04
7.0823000000000000e+04
7.4869000000000000e+04
7.5067000000000000e+04
7.9337000000000000e+04
