tensor
3 
7 3 5 
6.7300000000000000e+02
7.2500000000000000e+02
7.7300000000000000e+02
8.2700000000000000e+02
8.8300000000000000e+02
9.3500000000000000e+02
9.7700000000000000e+02
1.6140000000000000e+03
1.7380000000000000e+03
1.8540000000000000e+03
1.9840000000000000e+03
2.1180000000000000e+03
2.2420000000000000e+03
2.3440000000000000e+03
3.2220000000000000e+03
3.4660000000000000e+03
3.7020000000000000e+03
3.9640000000000000e+03
4.2300000000000000e+03
4.4740000000000000e+03
4.6840000000000000e+03
4.8300000000000000e+03
5.1940000000000000e+03
5.5500000000000000e+03
5.9440000000000000e+03
6.3420000000000000e+03
6.7060000000000000e+03
7.0240000000000000e+03
6.9860000000000000e+03
7.5180000000000000e+03
8.0260000000000000e+03
8.5920000000000000e+03
9.1700000000000000e+03
9.7020000000000000e+03
1.0152000000000000e+04
9.1300000000000000e+03
9.8220000000000000e+03
1.0490000000000000e+04
1.1232000000000000e+04
1.1986000000000000e+04
1.2678000000000000e+04
1.3272000000000000e+04
1.1262000000000000e+04
1.2106000000000000e+04
1.2942000000000000e+04
1.3864000000000000e+04
1.4790000000000000e+04
1.5634000000000000e+04
1.6384000000000000e+04
1.3418000000000000e+04
1.4430000000000000e+04
1.5418000000000000e+04
1.6512000000000000e+04
1.7618000000000000e+04
1.8630000000000000e+04
1.9512000000000000e+04
1.6086000000000000e+04
1.7290000000000000e+04
1.8486000000000000e+04
1.9804000000000000e+04
2.1126000000000000e+04
2.2330000000000000e+04
2.3404000000000000e+04
1.8504000000000000e+04
1.9892000000000000e+04
2.1264000000000000e+04
2.2778000000000000e+04
2.4300000000000000e+04
2.5688000000000000e+04
2.6918000000000000e+04
2.0386000000000000e+04
2.1918000000000000e+04
2.3426000000000000e+04
2.5092000000000000e+04
2.6770000000000000e+04
2.8302000000000000e+04
2.9652000000000000e+04
2.4162000000000000e+04
2.5990000000000000e+04
2.7762000000000000e+04
2.9728000000000000e+04
3.1722000000000000e+04
3.3550000000000000e+04
3.5128000000000000e+04
2.7342000000000000e+04
2.9386000000000000e+04
3.1422000000000000e+04
3.3664000000000000e+04
3.5910000000000000e+04
3.7954000000000000e+04
3.9784000000000000e+04
2.8950000000000000e+04
3.1114000000000000e+04
3.3270000000000000e+04
3.5644000000000000e+04
3.8022000000000000e+04
4.0186000000000000e+04
4.2124000000000000e+04
3.2202000000000000e+04
3.4630000000000000e+04
3.7002000000000000e+04
3.9628000000000000e+04
4.2282000000000000e+04
4.4710000000000000e+04
4.6828000000000000e+04
